[4160749632, 4160751872]
[4160752128, 4160752384]
[4160753728, 4160755968]
[4160756224, 4160756480]
[4160757824, 4160760064]
[4160760320, 4160760576]
[4160761920, 4160764160]
[4160764416, 4160764672]
[4160766016, 4160768256]
[4160768512, 4160768768]
[4160770112, 4160772352]
[4160772608, 4160772864]
[4160774208, 4160776448]
[4160776704, 4160776960]
[4160778304, 4160780544]
[4160780800, 4160781056]
[4160782400, 4160784640]
[4160784896, 4160785152]
[4160786496, 4160788736]
[4160788992, 4160789248]
[4160790592, 4160792832]
[4160793088, 4160793344]
[4160794688, 4160796928]
[4160797184, 4160797440]
[4160798784, 4160801024]
[4160801280, 4160801536]
[4160802880, 4160805120]
[4160805376, 4160805632]
[4160806976, 4160809216]
[4160809472, 4160809728]
[4160811072, 4160813312]
[4160813568, 4160813824]
[4160815168, 4160817408]
[4160817664, 4160817920]
[4160819264, 4160821504]
[4160821760, 4160822016]
[4160823360, 4160825600]
[4160825856, 4160826112]
[4160827456, 4160829696]
[4160829952, 4160830208]
[4160831552, 4160833792]
[4160834048, 4160834304]
[4160835648, 4160837888]
[4160838144, 4160838400]
[4160839744, 4160841984]
[4160842240, 4160842496]
[4160843840, 4160846080]
[4160846336, 4160846592]
[4160847936, 4160850176]
[4160850432, 4160850688]
[4160852032, 4160854272]
[4160854528, 4160854784]
[4160856128, 4160858368]
[4160858624, 4160858880]
[4160860224, 4160862464]
[4160862720, 4160862976]
[4160864320, 4160866560]
[4160866816, 4160867072]
[4160868416, 4160870656]
[4160870912, 4160871168]
[4160872512, 4160874752]
[4160875008, 4160875264]
[4160876608, 4160878848]
[4160879104, 4160879360]
[4160880704, 4160882944]
[4160883200, 4160883456]
[4160884800, 4160887040]
[4160887296, 4160887552]
[4160888896, 4160891136]
[4160891392, 4160891648]
[4160892992, 4160895232]
[4160895488, 4160895744]
[4160897088, 4160899328]
[4160899584, 4160899840]
[4160901184, 4160903424]
[4160903680, 4160903936]
[4160905280, 4160907520]
[4160907776, 4160908032]
[4160909376, 4160911616]
[4160911872, 4160912128]
[4160913472, 4160915712]
[4160915968, 4160916224]
[4160917568, 4160919808]
[4160920064, 4160920320]
[4160921664, 4160923904]
[4160924160, 4160924416]
[4160925760, 4160928000]
[4160928256, 4160928512]
[4160929856, 4160932096]
[4160932352, 4160932608]
[4160933952, 4160936192]
[4160936448, 4160936704]
[4160938048, 4160940288]
[4160940544, 4160940800]
[4160942144, 4160944384]
[4160944640, 4160944896]
[4160946240, 4160948480]
[4160948736, 4160948992]
[4160950336, 4160952576]
[4160952832, 4160953088]
[4160954432, 4160956672]
[4160956928, 4160957184]
[4160958528, 4160960768]
[4160961024, 4160961280]
[4160962624, 4160964864]
[4160965120, 4160965376]
[4160966720, 4160968960]
[4160969216, 4160969472]
[4160970816, 4160973056]
[4160973312, 4160973568]
[4160974912, 4160977152]
[4160977408, 4160977664]
[4160979008, 4160981248]
[4160981504, 4160981760]
[4160983104, 4160985344]
[4160985600, 4160985856]
[4160987200, 4160989440]
[4160989696, 4160989952]
[4160991296, 4160993536]
[4160993792, 4160994048]
[4160995392, 4160997632]
[4160997888, 4160998144]
[4160999488, 4161001728]
[4161001984, 4161002240]
[4161003584, 4161005824]
[4161006080, 4161006336]
[4161007680, 4161009920]
[4161010176, 4161010432]
[4161011776, 4161014016]
[4161014272, 4161014528]
[4161015872, 4161018112]
[4161018368, 4161018624]
[4161019968, 4161022208]
[4161022464, 4161022720]
[4161024064, 4161026304]
[4161026560, 4161026816]
[4161028160, 4161030400]
[4161030656, 4161030912]
[4161032256, 4161034496]
[4161034752, 4161035008]
[4161036352, 4161038592]
[4161038848, 4161039104]
[4161040448, 4161042688]
[4161042944, 4161043200]
[4161044544, 4161046784]
[4161047040, 4161047296]
[4161048640, 4161050880]
[4161051136, 4161051392]
[4161052736, 4161054976]
[4161055232, 4161055488]
[4161056832, 4161059072]
[4161059328, 4161059584]
[4161060928, 4161063168]
[4161063424, 4161063680]
[4161065024, 4161067264]
[4161067520, 4161067776]
[4161069120, 4161071360]
[4161071616, 4161071872]
[4161073216, 4161075456]
[4161075712, 4161075968]
[4161077312, 4161079552]
[4161079808, 4161080064]
[4161081408, 4161083648]
[4161083904, 4161084160]
[4161085504, 4161087744]
[4161088000, 4161088256]
[4161089600, 4161091840]
[4161092096, 4161092352]
[4161093696, 4161095936]
[4161096192, 4161096448]
[4161097792, 4161100032]
[4161100288, 4161100544]
[4161101888, 4161104128]
[4161104384, 4161104640]
[4161105984, 4161108224]
[4161108480, 4161108736]
[4161110080, 4161112320]
[4161112576, 4161112832]
[4161114176, 4161116416]
[4161116672, 4161116928]
[4161118272, 4161120512]
[4161120768, 4161121024]
[4161122368, 4161124608]
[4161124864, 4161125120]
[4161126464, 4161128704]
[4161128960, 4161129216]
[4161130560, 4161132800]
[4161133056, 4161133312]
[4161134656, 4161136896]
[4161137152, 4161137408]
[4161138752, 4161140992]
[4161141248, 4161141504]
[4161142848, 4161145088]
[4161145344, 4161145600]
[4161146944, 4161149184]
[4161149440, 4161149696]
[4161151040, 4161153280]
[4161153536, 4161153792]
[4161155136, 4161157376]
[4161157632, 4161157888]
[4161159232, 4161161472]
[4161161728, 4161161984]
[4161163328, 4161165568]
[4161165824, 4161166080]
[4161167424, 4161169664]
[4161169920, 4161170176]
[4161171520, 4161173760]
[4161174016, 4161174272]
[4161175616, 4161177856]
[4161178112, 4161178368]
[4161179712, 4161181952]
[4161182208, 4161182464]
[4161183808, 4161186048]
[4161186304, 4161186560]
[4161187904, 4161190144]
[4161190400, 4161190656]
[4161192000, 4161194240]
[4161194496, 4161194752]
[4161196096, 4161198336]
[4161198592, 4161198848]
[4161200192, 4161202432]
[4161202688, 4161202944]
[4161204288, 4161206528]
[4161206784, 4161207040]
[4161208384, 4161210624]
[4161210880, 4161211136]
[4161212480, 4161214720]
[4161214976, 4161215232]
[4161216576, 4161218816]
[4161219072, 4161219328]
[4161220672, 4161222912]
[4161223168, 4161223424]
[4161224768, 4161227008]
[4161227264, 4161227520]
[4161228864, 4161231104]
[4161231360, 4161231616]
[4161232960, 4161235200]
[4161235456, 4161235712]
[4161237056, 4161239296]
[4161239552, 4161239808]
[4161241152, 4161243392]
[4161243648, 4161243904]
[4161245248, 4161247488]
[4161247744, 4161248000]
[4161249344, 4161251584]
[4161251840, 4161252096]
[4161253440, 4161255680]
[4161255936, 4161256192]
[4161257536, 4161259776]
[4161260032, 4161260288]
[4161261632, 4161263872]
[4161264128, 4161264384]
[4161265728, 4161267968]
[4161268224, 4161268480]
[4161269824, 4161272064]
[4161272320, 4161272576]
[4161273920, 4161276160]
[4161276416, 4161276672]
[4161278016, 4161280256]
[4161280512, 4161280768]
[4161282112, 4161284352]
[4161284608, 4161284864]
[4161286208, 4161288448]
[4161288704, 4161288960]
[4161290304, 4161292544]
[4161292800, 4161293056]
[4161294400, 4161296640]
[4161296896, 4161297152]
[4161298496, 4161300736]
[4161300992, 4161301248]
[4161302592, 4161304832]
[4161305088, 4161305344]
[4161306688, 4161308928]
[4161309184, 4161309440]
[4161310784, 4161313024]
[4161313280, 4161313536]
[4161314880, 4161317120]
[4161317376, 4161317632]
[4161318976, 4161321216]
[4161321472, 4161321728]
[4161323072, 4161325312]
[4161325568, 4161325824]
[4161327168, 4161329408]
[4161329664, 4161329920]
[4161331264, 4161333504]
[4161333760, 4161334016]
[4161335360, 4161337600]
[4161337856, 4161338112]
[4161339456, 4161341696]
[4161341952, 4161342208]
[4161343552, 4161345792]
[4161346048, 4161346304]
[4161347648, 4161349888]
[4161350144, 4161350400]
[4161351744, 4161353984]
[4161354240, 4161354496]
[4161355840, 4161358080]
[4161358336, 4161358592]
[4161359936, 4161362176]
[4161362432, 4161362688]
[4161364032, 4161366272]
[4161366528, 4161366784]
[4161368128, 4161370368]
[4161370624, 4161370880]
[4161372224, 4161374464]
[4161374720, 4161374976]
[4161376320, 4161378560]
[4161378816, 4161379072]
[4161380416, 4161382656]
[4161382912, 4161383168]
[4161384512, 4161386752]
[4161387008, 4161387264]
[4161388608, 4161390848]
[4161391104, 4161391360]
[4161392704, 4161394944]
[4161395200, 4161395456]
[4161396800, 4161399040]
[4161399296, 4161399552]
[4161400896, 4161403136]
[4161403392, 4161403648]
[4161404992, 4161407232]
[4161407488, 4161407744]
[4161409088, 4161411328]
[4161411584, 4161411840]
[4161413184, 4161415424]
[4161415680, 4161415936]
[4161417280, 4161419520]
[4161419776, 4161420032]
[4161421376, 4161423616]
[4161423872, 4161424128]
[4161425472, 4161427712]
[4161427968, 4161428224]
[4161429568, 4161431808]
[4161432064, 4161432320]
[4161433664, 4161435904]
[4161436160, 4161436416]
[4161437760, 4161440000]
[4161440256, 4161440512]
[4161441856, 4161444096]
[4161444352, 4161444608]
[4161445952, 4161448192]
[4161448448, 4161448704]
[4161450048, 4161452288]
[4161452544, 4161452800]
[4161454144, 4161456384]
[4161456640, 4161456896]
[4161458240, 4161460480]
[4161460736, 4161460992]
[4161462336, 4161464576]
[4161464832, 4161465088]
[4161466432, 4161468672]
[4161468928, 4161469184]
[4161470528, 4161472768]
[4161473024, 4161473280]
[4161474624, 4161476864]
[4161477120, 4161477376]
[4161478720, 4161480960]
[4161481216, 4161481472]
[4161482816, 4161485056]
[4161485312, 4161485568]
[4161486912, 4161489152]
[4161489408, 4161489664]
[4161491008, 4161493248]
[4161493504, 4161493760]
[4161495104, 4161497344]
[4161497600, 4161497856]
[4161499200, 4161501440]
[4161501696, 4161501952]
[4161503296, 4161505536]
[4161505792, 4161506048]
[4161507392, 4161509632]
[4161509888, 4161510144]
[4161511488, 4161513728]
[4161513984, 4161514240]
[4161515584, 4161517824]
[4161518080, 4161518336]
[4161519680, 4161521920]
[4161522176, 4161522432]
[4161523776, 4161526016]
[4161526272, 4161526528]
[4161527872, 4161530112]
[4161530368, 4161530624]
[4161531968, 4161534208]
[4161534464, 4161534720]
[4161536064, 4161538304]
[4161538560, 4161538816]
[4161540160, 4161542400]
[4161542656, 4161542912]
[4161544256, 4161546496]
[4161546752, 4161547008]
[4161548352, 4161550592]
[4161550848, 4161551104]
[4161552448, 4161554688]
[4161554944, 4161555200]
[4161556544, 4161558784]
[4161559040, 4161559296]
[4161560640, 4161562880]
[4161563136, 4161563392]
[4161564736, 4161566976]
[4161567232, 4161567488]
[4161568832, 4161571072]
[4161571328, 4161571584]
[4161572928, 4161575168]
[4161575424, 4161575680]
[4161577024, 4161579264]
[4161579520, 4161579776]
[4161581120, 4161583360]
[4161583616, 4161583872]
[4161585216, 4161587456]
[4161587712, 4161587968]
[4161589312, 4161591552]
[4161591808, 4161592064]
[4161593408, 4161595648]
[4161595904, 4161596160]
[4161597504, 4161599744]
[4161600000, 4161600256]
[4161601600, 4161603840]
[4161604096, 4161604352]
[4161605696, 4161607936]
[4161608192, 4161608448]
[4161609792, 4161612032]
[4161612288, 4161612544]
[4161613888, 4161616128]
[4161616384, 4161616640]
[4161617984, 4161620224]
[4161620480, 4161620736]
[4161622080, 4161624320]
[4161624576, 4161624832]
[4161626176, 4161628416]
[4161628672, 4161628928]
[4161630272, 4161632512]
[4161632768, 4161633024]
[4161634368, 4161636608]
[4161636864, 4161637120]
[4161638464, 4161640704]
[4161640960, 4161641216]
[4161642560, 4161644800]
[4161645056, 4161645312]
[4161646656, 4161648896]
[4161649152, 4161649408]
[4161650752, 4161652992]
[4161653248, 4161653504]
[4161654848, 4161657088]
[4161657344, 4161657600]
[4161658944, 4161661184]
[4161661440, 4161661696]
[4161663040, 4161665280]
[4161665536, 4161665792]
[4161667136, 4161669376]
[4161669632, 4161669888]
[4161671232, 4161673472]
[4161673728, 4161673984]
[4161675328, 4161677568]
[4161677824, 4161678080]
[4161679424, 4161681664]
[4161681920, 4161682176]
[4161683520, 4161685760]
[4161686016, 4161686272]
[4161687616, 4161689856]
[4161690112, 4161690368]
[4161691712, 4161693952]
[4161694208, 4161694464]
[4161695808, 4161698048]
[4161698304, 4161698560]
[4161699904, 4161702144]
[4161702400, 4161702656]
[4161704000, 4161706240]
[4161706496, 4161706752]
[4161708096, 4161710336]
[4161710592, 4161710848]
[4161712192, 4161714432]
[4161714688, 4161714944]
[4161716288, 4161718528]
[4161718784, 4161719040]
[4161720384, 4161722624]
[4161722880, 4161723136]
[4161724480, 4161726720]
[4161726976, 4161727232]
[4161728576, 4161730816]
[4161731072, 4161731328]
[4161732608, 4161798144]
[4161798208, 4161800448]
[4161800704, 4161800960]
[4161802304, 4161804544]
[4161804800, 4161805056]
[4161806400, 4161808640]
[4161808896, 4161809152]
[4161810496, 4161812736]
[4161812992, 4161813248]
[4161814592, 4161816832]
[4161817088, 4161817344]
[4161818688, 4161820928]
[4161821184, 4161821440]
[4161822784, 4161825024]
[4161825280, 4161825536]
[4161826880, 4161829120]
[4161829376, 4161829632]
[4161830976, 4161833216]
[4161833472, 4161833728]
[4161835072, 4161837312]
[4161837568, 4161837824]
[4161839168, 4161841408]
[4161841664, 4161841920]
[4161843264, 4161845504]
[4161845760, 4161846016]
[4161847360, 4161849600]
[4161849856, 4161850112]
[4161851456, 4161853696]
[4161853952, 4161854208]
[4161855552, 4161857792]
[4161858048, 4161858304]
[4161859584, 4161861888]
[4161862144, 4161862400]
[4161862656, 4161862912]
[4161863744, 4161865984]
[4161866240, 4161866496]
[4161867840, 4161870080]
[4161870336, 4161870592]
[4161871936, 4161874176]
[4161874432, 4161874688]
[4161876032, 4161878272]
[4161878528, 4161878784]
[4161880128, 4161882368]
[4161882624, 4161882880]
[4161884224, 4161886464]
[4161886720, 4161886976]
[4161888320, 4161890560]
[4161890816, 4161891072]
[4161892416, 4161894656]
[4161894912, 4161895168]
[4161896512, 4161898752]
[4161899008, 4161899264]
[4161900608, 4161902848]
[4161903104, 4161903360]
[4161904704, 4161906944]
[4161907200, 4161907456]
[4161908800, 4161911040]
[4161911296, 4161911552]
[4161912896, 4161915136]
[4161915392, 4161915648]
[4161916992, 4161919232]
[4161919488, 4161919744]
[4161921088, 4161923328]
[4161923584, 4161923840]
[4161925120, 4161927424]
[4161927680, 4161927936]
[4161928192, 4161928448]
[4161929280, 4161931520]
[4161931776, 4161932032]
[4161933376, 4161935616]
[4161935872, 4161936128]
[4161937472, 4161939712]
[4161939968, 4161940224]
[4161941568, 4161943808]
[4161944064, 4161944320]
[4161945664, 4161947904]
[4161948160, 4161948416]
[4161949760, 4161952000]
[4161952256, 4161952512]
[4161953856, 4161956096]
[4161956352, 4161956608]
[4161957952, 4161960192]
[4161960448, 4161960704]
[4161962048, 4161964288]
[4161964544, 4161964800]
[4161966144, 4161968384]
[4161968640, 4161968896]
[4161970240, 4161972480]
[4161972736, 4161972992]
[4161974336, 4161976576]
[4161976832, 4161977088]
[4161978432, 4161980672]
[4161980928, 4161981184]
[4161982528, 4161984768]
[4161985024, 4161985280]
[4161986624, 4161988864]
[4161989120, 4161989376]
[4161990656, 4161992960]
[4161993216, 4161993472]
[4161993728, 4161993984]
[4161994816, 4161997056]
[4161997312, 4161997568]
[4161998912, 4162001152]
[4162001408, 4162001664]
[4162003008, 4162005248]
[4162005504, 4162005760]
[4162007104, 4162009344]
[4162009600, 4162009856]
[4162011200, 4162013440]
[4162013696, 4162013952]
[4162015296, 4162017536]
[4162017792, 4162018048]
[4162019392, 4162021632]
[4162021888, 4162022144]
[4162023488, 4162025728]
[4162025984, 4162026240]
[4162027584, 4162029824]
[4162030080, 4162030336]
[4162031680, 4162033920]
[4162034176, 4162034432]
[4162035776, 4162038016]
[4162038272, 4162038528]
[4162039872, 4162042112]
[4162042368, 4162042624]
[4162043968, 4162046208]
[4162046464, 4162046720]
[4162048064, 4162050304]
[4162050560, 4162050816]
[4162052160, 4162054400]
[4162054656, 4162054912]
[4162056192, 4162058496]
[4162058752, 4162059008]
[4162059264, 4162059520]
[4162060352, 4162062592]
[4162062848, 4162063104]
[4162064448, 4162066688]
[4162066944, 4162067200]
[4162068544, 4162070784]
[4162071040, 4162071296]
[4162072640, 4162074880]
[4162075136, 4162075392]
[4162076736, 4162078976]
[4162079232, 4162079488]
[4162080832, 4162083072]
[4162083328, 4162083584]
[4162084928, 4162087168]
[4162087424, 4162087680]
[4162089024, 4162091264]
[4162091520, 4162091776]
[4162093120, 4162095360]
[4162095616, 4162095872]
[4162097216, 4162099456]
[4162099712, 4162099968]
[4162101312, 4162103552]
[4162103808, 4162104064]
[4162105408, 4162107648]
[4162107904, 4162108160]
[4162109504, 4162111744]
[4162112000, 4162112256]
[4162113600, 4162115840]
[4162116096, 4162116352]
[4162117696, 4162119936]
[4162120192, 4162120448]
[4162121728, 4162124032]
[4162124288, 4162124544]
[4162124800, 4162125056]
[4162125888, 4162128128]
[4162128384, 4162128640]
[4162129984, 4162132224]
[4162132480, 4162132736]
[4162134080, 4162136320]
[4162136576, 4162136832]
[4162138176, 4162140416]
[4162140672, 4162140928]
[4162142272, 4162144512]
[4162144768, 4162145024]
[4162146368, 4162148608]
[4162148864, 4162149120]
[4162150464, 4162152704]
[4162152960, 4162153216]
[4162154560, 4162156800]
[4162157056, 4162157312]
[4162158656, 4162160896]
[4162161152, 4162161408]
[4162162752, 4162164992]
[4162165248, 4162165504]
[4162166848, 4162169088]
[4162169344, 4162169600]
[4162170944, 4162173184]
[4162173440, 4162173696]
[4162175040, 4162177280]
[4162177536, 4162177792]
[4162179136, 4162181376]
[4162181632, 4162181888]
[4162183232, 4162185472]
[4162185728, 4162185984]
[4162187264, 4162189568]
[4162189824, 4162190080]
[4162190336, 4162190592]
[4162191424, 4162193664]
[4162193920, 4162194176]
[4162195520, 4162197760]
[4162198016, 4162198272]
[4162199616, 4162201856]
[4162202112, 4162202368]
[4162203712, 4162205952]
[4162206208, 4162206464]
[4162207808, 4162210048]
[4162210304, 4162210560]
[4162211904, 4162214144]
[4162214400, 4162214656]
[4162216000, 4162218240]
[4162218496, 4162218752]
[4162220096, 4162222336]
[4162222592, 4162222848]
[4162224192, 4162226432]
[4162226688, 4162226944]
[4162228288, 4162230528]
[4162230784, 4162231040]
[4162232384, 4162234624]
[4162234880, 4162235136]
[4162236480, 4162238720]
[4162238976, 4162239232]
[4162240576, 4162242816]
[4162243072, 4162243328]
[4162244672, 4162246912]
[4162247168, 4162247424]
[4162248768, 4162251008]
[4162251264, 4162251520]
[4162252800, 4162255104]
[4162255360, 4162255616]
[4162255872, 4162256128]
[4162256960, 4162259200]
[4162259456, 4162259712]
[4162261056, 4162263296]
[4162263552, 4162263808]
[4162265152, 4162267392]
[4162267648, 4162267904]
[4162269248, 4162271488]
[4162271744, 4162272000]
[4162273344, 4162275584]
[4162275840, 4162276096]
[4162277440, 4162279680]
[4162279936, 4162280192]
[4162281536, 4162283776]
[4162284032, 4162284288]
[4162285632, 4162287872]
[4162288128, 4162288384]
[4162289728, 4162291968]
[4162292224, 4162292480]
[4162293824, 4162296064]
[4162296320, 4162296576]
[4162297920, 4162300160]
[4162300416, 4162300672]
[4162302016, 4162304256]
[4162304512, 4162304768]
[4162306112, 4162308352]
[4162308608, 4162308864]
[4162310208, 4162312448]
[4162312704, 4162312960]
[4162314304, 4162316544]
[4162316800, 4162317056]
[4162318336, 4162320640]
[4162320896, 4162321152]
[4162321408, 4162321664]
[4162322496, 4162324736]
[4162324992, 4162325248]
[4162326592, 4162328832]
[4162329088, 4162329344]
[4162330688, 4162332928]
[4162333184, 4162333440]
[4162334784, 4162337024]
[4162337280, 4162337536]
[4162338880, 4162341120]
[4162341376, 4162341632]
[4162342976, 4162345216]
[4162345472, 4162345728]
[4162347072, 4162349312]
[4162349568, 4162349824]
[4162351168, 4162353408]
[4162353664, 4162353920]
[4162355264, 4162357504]
[4162357760, 4162358016]
[4162359360, 4162361600]
[4162361856, 4162362112]
[4162363456, 4162365696]
[4162365952, 4162366208]
[4162367552, 4162369792]
[4162370048, 4162370304]
[4162371648, 4162373888]
[4162374144, 4162374400]
[4162375744, 4162377984]
[4162378240, 4162378496]
[4162379840, 4162382080]
[4162382336, 4162382592]
[4162383872, 4162386176]
[4162386432, 4162386688]
[4162386944, 4162387200]
[4162388032, 4162390272]
[4162390528, 4162390784]
[4162392128, 4162394368]
[4162394624, 4162394880]
[4162396224, 4162398464]
[4162398720, 4162398976]
[4162400320, 4162402560]
[4162402816, 4162403072]
[4162404416, 4162406656]
[4162406912, 4162407168]
[4162408512, 4162410752]
[4162411008, 4162411264]
[4162412608, 4162414848]
[4162415104, 4162415360]
[4162416704, 4162418944]
[4162419200, 4162419456]
[4162420800, 4162423040]
[4162423296, 4162423552]
[4162424896, 4162427136]
[4162427392, 4162427648]
[4162428992, 4162431232]
[4162431488, 4162431744]
[4162433088, 4162435328]
[4162435584, 4162435840]
[4162437184, 4162439424]
[4162439680, 4162439936]
[4162441280, 4162443520]
[4162443776, 4162444032]
[4162445376, 4162447616]
[4162447872, 4162448128]
[4162449408, 4162451712]
[4162451968, 4162452224]
[4162452480, 4162452736]
[4162453568, 4162455808]
[4162456064, 4162456320]
[4162457664, 4162459904]
[4162460160, 4162460416]
[4162461760, 4162464000]
[4162464256, 4162464512]
[4162465856, 4162468096]
[4162468352, 4162468608]
[4162469952, 4162472192]
[4162472448, 4162472704]
[4162474048, 4162476288]
[4162476544, 4162476800]
[4162478144, 4162480384]
[4162480640, 4162480896]
[4162482240, 4162484480]
[4162484736, 4162484992]
[4162486336, 4162488576]
[4162488832, 4162489088]
[4162490432, 4162492672]
[4162492928, 4162493184]
[4162494528, 4162496768]
[4162497024, 4162497280]
[4162498624, 4162500864]
[4162501120, 4162501376]
[4162502720, 4162504960]
[4162505216, 4162505472]
[4162506816, 4162509056]
[4162509312, 4162509568]
[4162510912, 4162513152]
[4162513408, 4162513664]
[4162514944, 4162517248]
[4162517504, 4162517760]
[4162518016, 4162518272]
[4162519104, 4162521344]
[4162521600, 4162521856]
[4162523200, 4162525440]
[4162525696, 4162525952]
[4162527296, 4162529536]
[4162529792, 4162530048]
[4162531392, 4162533632]
[4162533888, 4162534144]
[4162535488, 4162537728]
[4162537984, 4162538240]
[4162539584, 4162541824]
[4162542080, 4162542336]
[4162543680, 4162545920]
[4162546176, 4162546432]
[4162547776, 4162550016]
[4162550272, 4162550528]
[4162551872, 4162554112]
[4162554368, 4162554624]
[4162555968, 4162558208]
[4162558464, 4162558720]
[4162560064, 4162562304]
[4162562560, 4162562816]
[4162564160, 4162566400]
[4162566656, 4162566912]
[4162568256, 4162570496]
[4162570752, 4162571008]
[4162572352, 4162574592]
[4162574848, 4162575104]
[4162576448, 4162578688]
[4162578944, 4162579200]
[4162580480, 4162582784]
[4162583040, 4162583296]
[4162583552, 4162583808]
[4162584640, 4162586880]
[4162587136, 4162587392]
[4162588736, 4162590976]
[4162591232, 4162591488]
[4162592832, 4162595072]
[4162595328, 4162595584]
[4162596928, 4162599168]
[4162599424, 4162599680]
[4162601024, 4162603264]
[4162603520, 4162603776]
[4162605120, 4162607360]
[4162607616, 4162607872]
[4162609216, 4162611456]
[4162611712, 4162611968]
[4162613312, 4162615552]
[4162615808, 4162616064]
[4162617408, 4162619648]
[4162619904, 4162620160]
[4162621504, 4162623744]
[4162624000, 4162624256]
[4162625600, 4162627840]
[4162628096, 4162628352]
[4162629696, 4162631936]
[4162632192, 4162632448]
[4162633792, 4162636032]
[4162636288, 4162636544]
[4162637888, 4162640128]
[4162640384, 4162640640]
[4162641984, 4162644224]
[4162644480, 4162644736]
[4162646016, 4162648320]
[4162648576, 4162648832]
[4162649088, 4162649344]
[4162650176, 4162652416]
[4162652672, 4162652928]
[4162654272, 4162656512]
[4162656768, 4162657024]
[4162658368, 4162660608]
[4162660864, 4162661120]
[4162662464, 4162664704]
[4162664960, 4162665216]
[4162666560, 4162668800]
[4162669056, 4162669312]
[4162670656, 4162672896]
[4162673152, 4162673408]
[4162674752, 4162676992]
[4162677248, 4162677504]
[4162678848, 4162681088]
[4162681344, 4162681600]
[4162682944, 4162685184]
[4162685440, 4162685696]
[4162687040, 4162689280]
[4162689536, 4162689792]
[4162691136, 4162693376]
[4162693632, 4162693888]
[4162695232, 4162697472]
[4162697728, 4162697984]
[4162699328, 4162701568]
[4162701824, 4162702080]
[4162703424, 4162705664]
[4162705920, 4162706176]
[4162707520, 4162709760]
[4162710016, 4162710272]
[4162711552, 4162713856]
[4162714112, 4162714368]
[4162714624, 4162714880]
[4162715712, 4162717952]
[4162718208, 4162718464]
[4162719808, 4162722048]
[4162722304, 4162722560]
[4162723904, 4162726144]
[4162726400, 4162726656]
[4162728000, 4162730240]
[4162730496, 4162730752]
[4162732096, 4162734336]
[4162734592, 4162734848]
[4162736192, 4162738432]
[4162738688, 4162738944]
[4162740288, 4162742528]
[4162742784, 4162743040]
[4162744384, 4162746624]
[4162746880, 4162747136]
[4162748480, 4162750720]
[4162750976, 4162751232]
[4162752576, 4162754816]
[4162755072, 4162755328]
[4162756672, 4162758912]
[4162759168, 4162759424]
[4162760768, 4162763008]
[4162763264, 4162763520]
[4162764864, 4162767104]
[4162767360, 4162767616]
[4162768960, 4162771200]
[4162771456, 4162771712]
[4162773056, 4162775296]
[4162775552, 4162775808]
[4162777088, 4162779392]
[4162779648, 4162779904]
[4162780160, 4162780416]
[4162846784, 4162849024]
[4162849280, 4162849536]
[4162850880, 4162853120]
[4162853376, 4162853632]
[4162854976, 4162857216]
[4162857472, 4162857728]
[4162859072, 4162861312]
[4162861568, 4162861824]
[4162863168, 4162865408]
[4162865664, 4162865920]
[4162867264, 4162869504]
[4162869760, 4162870016]
[4162871360, 4162873600]
[4162873856, 4162874112]
[4162875456, 4162877696]
[4162877952, 4162878208]
[4162879552, 4162881792]
[4162882048, 4162882304]
[4162883648, 4162885888]
[4162886144, 4162886400]
[4162887744, 4162889984]
[4162890240, 4162890496]
[4162891840, 4162894080]
[4162894336, 4162894592]
[4162895936, 4162898176]
[4162898432, 4162898688]
[4162900032, 4162902272]
[4162902528, 4162902784]
[4162904128, 4162906368]
[4162906624, 4162906880]
[4162908224, 4162910464]
[4162910720, 4162910976]
[4162912320, 4162914560]
[4162914816, 4162915072]
[4162916416, 4162918656]
[4162918912, 4162919168]
[4162920512, 4162922752]
[4162923008, 4162923264]
[4162924608, 4162926848]
[4162927104, 4162927360]
[4162928704, 4162930944]
[4162931200, 4162931456]
[4162932800, 4162935040]
[4162935296, 4162935552]
[4162936896, 4162939136]
[4162939392, 4162939648]
[4162940992, 4162943232]
[4162943488, 4162943744]
[4162945088, 4162947328]
[4162947584, 4162947840]
[4162949184, 4162951424]
[4162951680, 4162951936]
[4162953280, 4162955520]
[4162955776, 4162956032]
[4162957376, 4162959616]
[4162959872, 4162960128]
[4162961472, 4162963712]
[4162963968, 4162964224]
[4162965568, 4162967808]
[4162968064, 4162968320]
[4162969664, 4162971904]
[4162972160, 4162972416]
[4162973760, 4162976000]
[4162976256, 4162976512]
[4162977856, 4162980096]
[4162980352, 4162980608]
[4162981952, 4162984192]
[4162984448, 4162984704]
[4162986048, 4162988288]
[4162988544, 4162988800]
[4162990144, 4162992384]
[4162992640, 4162992896]
[4162994240, 4162996480]
[4162996736, 4162996992]
[4162998336, 4163000576]
[4163000832, 4163001088]
[4163002432, 4163004672]
[4163004928, 4163005184]
[4163006528, 4163008768]
[4163009024, 4163009280]
[4163010624, 4163012864]
[4163013120, 4163013376]
[4163014720, 4163016960]
[4163017216, 4163017472]
[4163018816, 4163021056]
[4163021312, 4163021568]
[4163022912, 4163025152]
[4163025408, 4163025664]
[4163027008, 4163029248]
[4163029504, 4163029760]
[4163031104, 4163033344]
[4163033600, 4163033856]
[4163035200, 4163037440]
[4163037696, 4163037952]
[4163039296, 4163041536]
[4163041792, 4163042048]
[4163043392, 4163045632]
[4163045888, 4163046144]
[4163047488, 4163049728]
[4163049984, 4163050240]
[4163051584, 4163053824]
[4163054080, 4163054336]
[4163055680, 4163057920]
[4163058176, 4163058432]
[4163059776, 4163062016]
[4163062272, 4163062528]
[4163063872, 4163066112]
[4163066368, 4163066624]
[4163067968, 4163070208]
[4163070464, 4163070720]
[4163072064, 4163074304]
[4163074560, 4163074816]
[4163076160, 4163078400]
[4163078656, 4163078912]
[4163080256, 4163082496]
[4163082752, 4163083008]
[4163084352, 4163086592]
[4163086848, 4163087104]
[4163088448, 4163090688]
[4163090944, 4163091200]
[4163092544, 4163094784]
[4163095040, 4163095296]
[4163096640, 4163098880]
[4163099136, 4163099392]
[4163100736, 4163102976]
[4163103232, 4163103488]
[4163104832, 4163107072]
[4163107328, 4163107584]
[4163108928, 4163111168]
[4163111424, 4163111680]
[4163113024, 4163115264]
[4163115520, 4163115776]
[4163117120, 4163119360]
[4163119616, 4163119872]
[4163121216, 4163123456]
[4163123712, 4163123968]
[4163125312, 4163127552]
[4163127808, 4163128064]
[4163129408, 4163131648]
[4163131904, 4163132160]
[4163133504, 4163135744]
[4163136000, 4163136256]
[4163137600, 4163139840]
[4163140096, 4163140352]
[4163141696, 4163143936]
[4163144192, 4163144448]
[4163145792, 4163148032]
[4163148288, 4163148544]
[4163149888, 4163152128]
[4163152384, 4163152640]
[4163153984, 4163156224]
[4163156480, 4163156736]
[4163158080, 4163160320]
[4163160576, 4163160832]
[4163162176, 4163164416]
[4163164672, 4163164928]
[4163166272, 4163168512]
[4163168768, 4163169024]
[4163170368, 4163172608]
[4163172864, 4163173120]
[4163174464, 4163176704]
[4163176960, 4163177216]
[4163178560, 4163180800]
[4163181056, 4163181312]
[4163182656, 4163184896]
[4163185152, 4163185408]
[4163186752, 4163188992]
[4163189248, 4163189504]
[4163190848, 4163193088]
[4163193344, 4163193600]
[4163194944, 4163197184]
[4163197440, 4163197696]
[4163199040, 4163201280]
[4163201536, 4163201792]
[4163203136, 4163205376]
[4163205632, 4163205888]
[4163207232, 4163209472]
[4163209728, 4163209984]
[4163211328, 4163213568]
[4163213824, 4163214080]
[4163215424, 4163217664]
[4163217920, 4163218176]
[4163219520, 4163221760]
[4163222016, 4163222272]
[4163223616, 4163225856]
[4163226112, 4163226368]
[4163227712, 4163229952]
[4163230208, 4163230464]
[4163231808, 4163234048]
[4163234304, 4163234560]
[4163235904, 4163238144]
[4163238400, 4163238656]
[4163240000, 4163242240]
[4163242496, 4163242752]
[4163244096, 4163246336]
[4163246592, 4163246848]
[4163248192, 4163250432]
[4163250688, 4163250944]
[4163252288, 4163254528]
[4163254784, 4163255040]
[4163256384, 4163258624]
[4163258880, 4163259136]
[4163260480, 4163262720]
[4163262976, 4163263232]
[4163264576, 4163266816]
[4163267072, 4163267328]
[4163268672, 4163270912]
[4163271168, 4163271424]
[4163272768, 4163275008]
[4163275264, 4163275520]
[4163276864, 4163279104]
[4163279360, 4163279616]
[4163280960, 4163283200]
[4163283456, 4163283712]
[4163285056, 4163287296]
[4163287552, 4163287808]
[4163289152, 4163291392]
[4163291648, 4163291904]
[4163293248, 4163295488]
[4163295744, 4163296000]
[4163297344, 4163299584]
[4163299840, 4163300096]
[4163301440, 4163303680]
[4163303936, 4163304192]
[4163305536, 4163307776]
[4163308032, 4163308288]
[4163309632, 4163311872]
[4163312128, 4163312384]
[4163313728, 4163315968]
[4163316224, 4163316480]
[4163317824, 4163320064]
[4163320320, 4163320576]
[4163321920, 4163324160]
[4163324416, 4163324672]
[4163326016, 4163328256]
[4163328512, 4163328768]
[4163330112, 4163332352]
[4163332608, 4163332864]
[4163334208, 4163336448]
[4163336704, 4163336960]
[4163338304, 4163340544]
[4163340800, 4163341056]
[4163342400, 4163344640]
[4163344896, 4163345152]
[4163346496, 4163348736]
[4163348992, 4163349248]
[4163350592, 4163352832]
[4163353088, 4163353344]
[4163354688, 4163356928]
[4163357184, 4163357440]
[4163358784, 4163361024]
[4163361280, 4163361536]
[4163362880, 4163365120]
[4163365376, 4163365632]
[4163366976, 4163369216]
[4163369472, 4163369728]
[4163371072, 4163373312]
[4163373568, 4163373824]
[4163375168, 4163377408]
[4163377664, 4163377920]
[4163379264, 4163381504]
[4163381760, 4163382016]
[4163383360, 4163385600]
[4163385856, 4163386112]
[4163387456, 4163389696]
[4163389952, 4163390208]
[4163391552, 4163393792]
[4163394048, 4163394304]
[4163395648, 4163397888]
[4163398144, 4163398400]
[4163399744, 4163401984]
[4163402240, 4163402496]
[4163403840, 4163406080]
[4163406336, 4163406592]
[4163407936, 4163410176]
[4163410432, 4163410688]
[4163412032, 4163414272]
[4163414528, 4163414784]
[4163416128, 4163418368]
[4163418624, 4163418880]
[4163420224, 4163422464]
[4163422720, 4163422976]
[4163424320, 4163426560]
[4163426816, 4163427072]
[4163428416, 4163430656]
[4163430912, 4163431168]
[4163432512, 4163434752]
[4163435008, 4163435264]
[4163436608, 4163438848]
[4163439104, 4163439360]
[4163440704, 4163442944]
[4163443200, 4163443456]
[4163444800, 4163447040]
[4163447296, 4163447552]
[4163448896, 4163451136]
[4163451392, 4163451648]
[4163452992, 4163455232]
[4163455488, 4163455744]
[4163457088, 4163459328]
[4163459584, 4163459840]
[4163461184, 4163463424]
[4163463680, 4163463936]
[4163465280, 4163467520]
[4163467776, 4163468032]
[4163469376, 4163471616]
[4163471872, 4163472128]
[4163473472, 4163475712]
[4163475968, 4163476224]
[4163477568, 4163479808]
[4163480064, 4163480320]
[4163481664, 4163483904]
[4163484160, 4163484416]
[4163485760, 4163488000]
[4163488256, 4163488512]
[4163489856, 4163492096]
[4163492352, 4163492608]
[4163493952, 4163496192]
[4163496448, 4163496704]
[4163498048, 4163500288]
[4163500544, 4163500800]
[4163502144, 4163504384]
[4163504640, 4163504896]
[4163506240, 4163508480]
[4163508736, 4163508992]
[4163510336, 4163512576]
[4163512832, 4163513088]
[4163514432, 4163516672]
[4163516928, 4163517184]
[4163518528, 4163520768]
[4163521024, 4163521280]
[4163522624, 4163524864]
[4163525120, 4163525376]
[4163526720, 4163528960]
[4163529216, 4163529472]
[4163530816, 4163533056]
[4163533312, 4163533568]
[4163534912, 4163537152]
[4163537408, 4163537664]
[4163539008, 4163541248]
[4163541504, 4163541760]
[4163543104, 4163545344]
[4163545600, 4163545856]
[4163547200, 4163549440]
[4163549696, 4163549952]
[4163551296, 4163553536]
[4163553792, 4163554048]
[4163555392, 4163557632]
[4163557888, 4163558144]
[4163559488, 4163561728]
[4163561984, 4163562240]
[4163563584, 4163565824]
[4163566080, 4163566336]
[4163567680, 4163569920]
[4163570176, 4163570432]
[4163571776, 4163574016]
[4163574272, 4163574528]
[4163575872, 4163578112]
[4163578368, 4163578624]
[4163579968, 4163582208]
[4163582464, 4163582720]
[4163584064, 4163586304]
[4163586560, 4163586816]
[4163588160, 4163590400]
[4163590656, 4163590912]
[4163592256, 4163594496]
[4163594752, 4163595008]
[4163596352, 4163598592]
[4163598848, 4163599104]
[4163600448, 4163602688]
[4163602944, 4163603200]
[4163604544, 4163606784]
[4163607040, 4163607296]
[4163608640, 4163610880]
[4163611136, 4163611392]
[4163612736, 4163614976]
[4163615232, 4163615488]
[4163616832, 4163619072]
[4163619328, 4163619584]
[4163620928, 4163623168]
[4163623424, 4163623680]
[4163625024, 4163627264]
[4163627520, 4163627776]
[4163629120, 4163631360]
[4163631616, 4163631872]
[4163633216, 4163635456]
[4163635712, 4163635968]
[4163637312, 4163639552]
[4163639808, 4163640064]
[4163641408, 4163643648]
[4163643904, 4163644160]
[4163645504, 4163647744]
[4163648000, 4163648256]
[4163649600, 4163651840]
[4163652096, 4163652352]
[4163653696, 4163655936]
[4163656192, 4163656448]
[4163657792, 4163660032]
[4163660288, 4163660544]
[4163661888, 4163664128]
[4163664384, 4163664640]
[4163665984, 4163668224]
[4163668480, 4163668736]
[4163670080, 4163672320]
[4163672576, 4163672832]
[4163674176, 4163676416]
[4163676672, 4163676928]
[4163678272, 4163680512]
[4163680768, 4163681024]
[4163682368, 4163684608]
[4163684864, 4163685120]
[4163686464, 4163688704]
[4163688960, 4163689216]
[4163690560, 4163692800]
[4163693056, 4163693312]
[4163694656, 4163696896]
[4163697152, 4163697408]
[4163698752, 4163700992]
[4163701248, 4163701504]
[4163702848, 4163705088]
[4163705344, 4163705600]
[4163706944, 4163709184]
[4163709440, 4163709696]
[4163711040, 4163713280]
[4163713536, 4163713792]
[4163715136, 4163717376]
[4163717632, 4163717888]
[4163719232, 4163721472]
[4163721728, 4163721984]
[4163723328, 4163725568]
[4163725824, 4163726080]
[4163727424, 4163729664]
[4163729920, 4163730176]
[4163731520, 4163733760]
[4163734016, 4163734272]
[4163735616, 4163737856]
[4163738112, 4163738368]
[4163739712, 4163741952]
[4163742208, 4163742464]
[4163743808, 4163746048]
[4163746304, 4163746560]
[4163747904, 4163750144]
[4163750400, 4163750656]
[4163752000, 4163754240]
[4163754496, 4163754752]
[4163756096, 4163758336]
[4163758592, 4163758848]
[4163760192, 4163762432]
[4163762688, 4163762944]
[4163764288, 4163766528]
[4163766784, 4163767040]
[4163768384, 4163770624]
[4163770880, 4163771136]
[4163772480, 4163774720]
[4163774976, 4163775232]
[4163776576, 4163778816]
[4163779072, 4163779328]
[4163780672, 4163782912]
[4163783168, 4163783424]
[4163784768, 4163787008]
[4163787264, 4163787520]
[4163788864, 4163791104]
[4163791360, 4163791616]
[4163792960, 4163795200]
[4163795456, 4163795712]
[4163797056, 4163799296]
[4163799552, 4163799808]
[4163801152, 4163803392]
[4163803648, 4163803904]
[4163805248, 4163807488]
[4163807744, 4163808000]
[4163809344, 4163811584]
[4163811840, 4163812096]
[4163813440, 4163815680]
[4163815936, 4163816192]
[4163817536, 4163819776]
[4163820032, 4163820288]
[4163821632, 4163823872]
[4163824128, 4163824384]
[4163825728, 4163827968]
[4163828224, 4163828480]
[4163829760, 4163895296]
[4163895360, 4163897600]
[4163897856, 4163898112]
[4163899456, 4163901696]
[4163901952, 4163902208]
[4163903552, 4163905792]
[4163906048, 4163906304]
[4163907648, 4163909888]
[4163910144, 4163910400]
[4163911744, 4163913984]
[4163914240, 4163914496]
[4163915840, 4163918080]
[4163918336, 4163918592]
[4163919936, 4163922176]
[4163922432, 4163922688]
[4163924032, 4163926272]
[4163926528, 4163926784]
[4163928128, 4163930368]
[4163930624, 4163930880]
[4163932224, 4163934464]
[4163934720, 4163934976]
[4163936320, 4163938560]
[4163938816, 4163939072]
[4163940416, 4163942656]
[4163942912, 4163943168]
[4163944512, 4163946752]
[4163947008, 4163947264]
[4163948608, 4163950848]
[4163951104, 4163951360]
[4163952704, 4163954944]
[4163955200, 4163955456]
[4163956736, 4163959040]
[4163959296, 4163959552]
[4163960896, 4163963136]
[4163963392, 4163963648]
[4163964992, 4163967232]
[4163967488, 4163967744]
[4163969088, 4163971328]
[4163971584, 4163971840]
[4163973184, 4163975424]
[4163975680, 4163975936]
[4163977280, 4163979520]
[4163979776, 4163980032]
[4163981376, 4163983616]
[4163983872, 4163984128]
[4163985472, 4163987712]
[4163987968, 4163988224]
[4163989568, 4163991808]
[4163992064, 4163992320]
[4163993664, 4163995904]
[4163996160, 4163996416]
[4163997760, 4164000000]
[4164000256, 4164000512]
[4164001856, 4164004096]
[4164004352, 4164004608]
[4164005952, 4164008192]
[4164008448, 4164008704]
[4164010048, 4164012288]
[4164012544, 4164012800]
[4164014144, 4164016384]
[4164016640, 4164016896]
[4164018240, 4164020480]
[4164020736, 4164020992]
[4164022272, 4164024576]
[4164024832, 4164025088]
[4164026432, 4164028672]
[4164028928, 4164029184]
[4164030528, 4164032768]
[4164033024, 4164033280]
[4164034624, 4164036864]
[4164037120, 4164037376]
[4164038720, 4164040960]
[4164041216, 4164041472]
[4164042816, 4164045056]
[4164045312, 4164045568]
[4164046912, 4164049152]
[4164049408, 4164049664]
[4164051008, 4164053248]
[4164053504, 4164053760]
[4164055104, 4164057344]
[4164057600, 4164057856]
[4164059200, 4164061440]
[4164061696, 4164061952]
[4164063296, 4164065536]
[4164065792, 4164066048]
[4164067392, 4164069632]
[4164069888, 4164070144]
[4164071488, 4164073728]
[4164073984, 4164074240]
[4164075584, 4164077824]
[4164078080, 4164078336]
[4164079680, 4164081920]
[4164082176, 4164082432]
[4164083776, 4164086016]
[4164086272, 4164086528]
[4164087808, 4164090112]
[4164090368, 4164090624]
[4164091968, 4164094208]
[4164094464, 4164094720]
[4164096064, 4164098304]
[4164098560, 4164098816]
[4164100160, 4164102400]
[4164102656, 4164102912]
[4164104256, 4164106496]
[4164106752, 4164107008]
[4164108352, 4164110592]
[4164110848, 4164111104]
[4164112448, 4164114688]
[4164114944, 4164115200]
[4164116544, 4164118784]
[4164119040, 4164119296]
[4164120640, 4164122880]
[4164123136, 4164123392]
[4164124736, 4164126976]
[4164127232, 4164127488]
[4164128832, 4164131072]
[4164131328, 4164131584]
[4164132928, 4164135168]
[4164135424, 4164135680]
[4164137024, 4164139264]
[4164139520, 4164139776]
[4164141120, 4164143360]
[4164143616, 4164143872]
[4164145216, 4164147456]
[4164147712, 4164147968]
[4164149312, 4164151552]
[4164151808, 4164152064]
[4164153344, 4164155648]
[4164155904, 4164156160]
[4164157504, 4164159744]
[4164160000, 4164160256]
[4164161600, 4164163840]
[4164164096, 4164164352]
[4164165696, 4164167936]
[4164168192, 4164168448]
[4164169792, 4164172032]
[4164172288, 4164172544]
[4164173888, 4164176128]
[4164176384, 4164176640]
[4164177984, 4164180224]
[4164180480, 4164180736]
[4164182080, 4164184320]
[4164184576, 4164184832]
[4164186176, 4164188416]
[4164188672, 4164188928]
[4164190272, 4164192512]
[4164192768, 4164193024]
[4164194368, 4164196608]
[4164196864, 4164197120]
[4164198464, 4164200704]
[4164200960, 4164201216]
[4164202560, 4164204800]
[4164205056, 4164205312]
[4164206656, 4164208896]
[4164209152, 4164209408]
[4164210752, 4164212992]
[4164213248, 4164213504]
[4164214848, 4164217088]
[4164217344, 4164217600]
[4164218880, 4164221184]
[4164221440, 4164221696]
[4164223040, 4164225280]
[4164225536, 4164225792]
[4164227136, 4164229376]
[4164229632, 4164229888]
[4164231232, 4164233472]
[4164233728, 4164233984]
[4164235328, 4164237568]
[4164237824, 4164238080]
[4164239424, 4164241664]
[4164241920, 4164242176]
[4164243520, 4164245760]
[4164246016, 4164246272]
[4164247616, 4164249856]
[4164250112, 4164250368]
[4164251712, 4164253952]
[4164254208, 4164254464]
[4164255808, 4164258048]
[4164258304, 4164258560]
[4164259904, 4164262144]
[4164262400, 4164262656]
[4164264000, 4164266240]
[4164266496, 4164266752]
[4164268096, 4164270336]
[4164270592, 4164270848]
[4164272192, 4164274432]
[4164274688, 4164274944]
[4164276288, 4164278528]
[4164278784, 4164279040]
[4164280384, 4164282624]
[4164282880, 4164283136]
[4164284416, 4164286720]
[4164286976, 4164287232]
[4164288576, 4164290816]
[4164291072, 4164291328]
[4164292672, 4164294912]
[4164295168, 4164295424]
[4164296768, 4164299008]
[4164299264, 4164299520]
[4164300864, 4164303104]
[4164303360, 4164303616]
[4164304960, 4164307200]
[4164307456, 4164307712]
[4164309056, 4164311296]
[4164311552, 4164311808]
[4164313152, 4164315392]
[4164315648, 4164315904]
[4164317248, 4164319488]
[4164319744, 4164320000]
[4164321344, 4164323584]
[4164323840, 4164324096]
[4164325440, 4164327680]
[4164327936, 4164328192]
[4164329536, 4164331776]
[4164332032, 4164332288]
[4164333632, 4164335872]
[4164336128, 4164336384]
[4164337728, 4164339968]
[4164340224, 4164340480]
[4164341824, 4164344064]
[4164344320, 4164344576]
[4164345920, 4164348160]
[4164348416, 4164348672]
[4164349952, 4164352256]
[4164352512, 4164352768]
[4164354112, 4164356352]
[4164356608, 4164356864]
[4164358208, 4164360448]
[4164360704, 4164360960]
[4164362304, 4164364544]
[4164364800, 4164365056]
[4164366400, 4164368640]
[4164368896, 4164369152]
[4164370496, 4164372736]
[4164372992, 4164373248]
[4164374592, 4164376832]
[4164377088, 4164377344]
[4164378688, 4164380928]
[4164381184, 4164381440]
[4164382784, 4164385024]
[4164385280, 4164385536]
[4164386880, 4164389120]
[4164389376, 4164389632]
[4164390976, 4164393216]
[4164393472, 4164393728]
[4164395072, 4164397312]
[4164397568, 4164397824]
[4164399168, 4164401408]
[4164401664, 4164401920]
[4164403264, 4164405504]
[4164405760, 4164406016]
[4164407360, 4164409600]
[4164409856, 4164410112]
[4164411456, 4164413696]
[4164413952, 4164414208]
[4164415488, 4164417792]
[4164418048, 4164418304]
[4164419648, 4164421888]
[4164422144, 4164422400]
[4164423744, 4164425984]
[4164426240, 4164426496]
[4164427840, 4164430080]
[4164430336, 4164430592]
[4164431936, 4164434176]
[4164434432, 4164434688]
[4164436032, 4164438272]
[4164438528, 4164438784]
[4164440128, 4164442368]
[4164442624, 4164442880]
[4164444224, 4164446464]
[4164446720, 4164446976]
[4164448320, 4164450560]
[4164450816, 4164451072]
[4164452416, 4164454656]
[4164454912, 4164455168]
[4164456512, 4164458752]
[4164459008, 4164459264]
[4164460608, 4164462848]
[4164463104, 4164463360]
[4164464704, 4164466944]
[4164467200, 4164467456]
[4164468800, 4164471040]
[4164471296, 4164471552]
[4164472896, 4164475136]
[4164475392, 4164475648]
[4164476992, 4164479232]
[4164479488, 4164479744]
[4164481024, 4164483328]
[4164483584, 4164483840]
[4164485184, 4164487424]
[4164487680, 4164487936]
[4164489280, 4164491520]
[4164491776, 4164492032]
[4164493376, 4164495616]
[4164495872, 4164496128]
[4164497472, 4164499712]
[4164499968, 4164500224]
[4164501568, 4164503808]
[4164504064, 4164504320]
[4164505664, 4164507904]
[4164508160, 4164508416]
[4164509760, 4164512000]
[4164512256, 4164512512]
[4164513856, 4164516096]
[4164516352, 4164516608]
[4164517952, 4164520192]
[4164520448, 4164520704]
[4164522048, 4164524288]
[4164524544, 4164524800]
[4164526144, 4164528384]
[4164528640, 4164528896]
[4164530240, 4164532480]
[4164532736, 4164532992]
[4164534336, 4164536576]
[4164536832, 4164537088]
[4164538432, 4164540672]
[4164540928, 4164541184]
[4164542528, 4164544768]
[4164545024, 4164545280]
[4164546560, 4164548864]
[4164549120, 4164549376]
[4164550720, 4164552960]
[4164553216, 4164553472]
[4164554816, 4164557056]
[4164557312, 4164557568]
[4164558912, 4164561152]
[4164561408, 4164561664]
[4164563008, 4164565248]
[4164565504, 4164565760]
[4164567104, 4164569344]
[4164569600, 4164569856]
[4164571200, 4164573440]
[4164573696, 4164573952]
[4164575296, 4164577536]
[4164577792, 4164578048]
[4164579392, 4164581632]
[4164581888, 4164582144]
[4164583488, 4164585728]
[4164585984, 4164586240]
[4164587584, 4164589824]
[4164590080, 4164590336]
[4164591680, 4164593920]
[4164594176, 4164594432]
[4164595776, 4164598016]
[4164598272, 4164598528]
[4164599872, 4164602112]
[4164602368, 4164602624]
[4164603968, 4164606208]
[4164606464, 4164606720]
[4164608064, 4164610304]
[4164610560, 4164610816]
[4164612096, 4164614400]
[4164614656, 4164614912]
[4164616256, 4164618496]
[4164618752, 4164619008]
[4164620352, 4164622592]
[4164622848, 4164623104]
[4164624448, 4164626688]
[4164626944, 4164627200]
[4164628544, 4164630784]
[4164631040, 4164631296]
[4164632640, 4164634880]
[4164635136, 4164635392]
[4164636736, 4164638976]
[4164639232, 4164639488]
[4164640832, 4164643072]
[4164643328, 4164643584]
[4164644928, 4164647168]
[4164647424, 4164647680]
[4164649024, 4164651264]
[4164651520, 4164651776]
[4164653120, 4164655360]
[4164655616, 4164655872]
[4164657216, 4164659456]
[4164659712, 4164659968]
[4164661312, 4164663552]
[4164663808, 4164664064]
[4164665408, 4164667648]
[4164667904, 4164668160]
[4164669504, 4164671744]
[4164672000, 4164672256]
[4164673600, 4164675840]
[4164676096, 4164676352]
[4164677632, 4164679936]
[4164680192, 4164680448]
[4164681792, 4164684032]
[4164684288, 4164684544]
[4164685888, 4164688128]
[4164688384, 4164688640]
[4164689984, 4164692224]
[4164692480, 4164692736]
[4164694080, 4164696320]
[4164696576, 4164696832]
[4164698176, 4164700416]
[4164700672, 4164700928]
[4164702272, 4164704512]
[4164704768, 4164705024]
[4164706368, 4164708608]
[4164708864, 4164709120]
[4164710464, 4164712704]
[4164712960, 4164713216]
[4164714560, 4164716800]
[4164717056, 4164717312]
[4164718656, 4164720896]
[4164721152, 4164721408]
[4164722752, 4164724992]
[4164725248, 4164725504]
[4164726848, 4164729088]
[4164729344, 4164729600]
[4164730944, 4164733184]
[4164733440, 4164733696]
[4164735040, 4164737280]
[4164737536, 4164737792]
[4164739136, 4164741376]
[4164741632, 4164741888]
[4164743168, 4164745472]
[4164745728, 4164745984]
[4164747328, 4164749568]
[4164749824, 4164750080]
[4164751424, 4164753664]
[4164753920, 4164754176]
[4164755520, 4164757760]
[4164758016, 4164758272]
[4164759616, 4164761856]
[4164762112, 4164762368]
[4164763712, 4164765952]
[4164766208, 4164766464]
[4164767808, 4164770048]
[4164770304, 4164770560]
[4164771904, 4164774144]
[4164774400, 4164774656]
[4164776000, 4164778240]
[4164778496, 4164778752]
[4164780096, 4164782336]
[4164782592, 4164782848]
[4164784192, 4164786432]
[4164786688, 4164786944]
[4164788288, 4164790528]
[4164790784, 4164791040]
[4164792384, 4164794624]
[4164794880, 4164795136]
[4164796480, 4164798720]
[4164798976, 4164799232]
[4164800576, 4164802816]
[4164803072, 4164803328]
[4164804672, 4164806912]
[4164807168, 4164807424]
[4164808704, 4164811008]
[4164811264, 4164811520]
[4164812864, 4164815104]
[4164815360, 4164815616]
[4164816960, 4164819200]
[4164819456, 4164819712]
[4164821056, 4164823296]
[4164823552, 4164823808]
[4164825152, 4164827392]
[4164827648, 4164827904]
[4164829248, 4164831488]
[4164831744, 4164832000]
[4164833344, 4164835584]
[4164835840, 4164836096]
[4164837440, 4164839680]
[4164839936, 4164840192]
[4164841536, 4164843776]
[4164844032, 4164844288]
[4164845632, 4164847872]
[4164848128, 4164848384]
[4164849728, 4164851968]
[4164852224, 4164852480]
[4164853824, 4164856064]
[4164856320, 4164856576]
[4164857920, 4164860160]
[4164860416, 4164860672]
[4164862016, 4164864256]
[4164864512, 4164864768]
[4164866112, 4164868352]
[4164868608, 4164868864]
[4164870208, 4164872448]
[4164872704, 4164872960]
[4164874240, 4164876544]
[4164876800, 4164877056]
[4164943936, 4164946176]
[4164946432, 4164946688]
[4164948032, 4164950272]
[4164950528, 4164950784]
[4164952128, 4164954368]
[4164954624, 4164954880]
[4164956224, 4164958464]
[4164958720, 4164958976]
[4164960320, 4164962560]
[4164962816, 4164963072]
[4164964416, 4164966656]
[4164966912, 4164967168]
[4164968512, 4164970752]
[4164971008, 4164971264]
[4164972608, 4164974848]
[4164975104, 4164975360]
[4164976704, 4164978944]
[4164979200, 4164979456]
[4164980800, 4164983040]
[4164983296, 4164983552]
[4164984896, 4164987136]
[4164987392, 4164987648]
[4164988992, 4164991232]
[4164991488, 4164991744]
[4164993088, 4164995328]
[4164995584, 4164995840]
[4164997184, 4164999424]
[4164999680, 4164999936]
[4165001280, 4165003520]
[4165003776, 4165004032]
[4165005376, 4165007616]
[4165007872, 4165008128]
[4165009472, 4165011712]
[4165011968, 4165012224]
[4165013568, 4165015808]
[4165016064, 4165016320]
[4165017664, 4165019904]
[4165020160, 4165020416]
[4165021760, 4165024000]
[4165024256, 4165024512]
[4165025856, 4165028096]
[4165028352, 4165028608]
[4165029952, 4165032192]
[4165032448, 4165032704]
[4165034048, 4165036288]
[4165036544, 4165036800]
[4165038144, 4165040384]
[4165040640, 4165040896]
[4165042240, 4165044480]
[4165044736, 4165044992]
[4165046336, 4165048576]
[4165048832, 4165049088]
[4165050432, 4165052672]
[4165052928, 4165053184]
[4165054528, 4165056768]
[4165057024, 4165057280]
[4165058624, 4165060864]
[4165061120, 4165061376]
[4165062720, 4165064960]
[4165065216, 4165065472]
[4165066816, 4165069056]
[4165069312, 4165069568]
[4165070912, 4165073152]
[4165073408, 4165073664]
[4165075008, 4165077248]
[4165077504, 4165077760]
[4165079104, 4165081344]
[4165081600, 4165081856]
[4165083200, 4165085440]
[4165085696, 4165085952]
[4165087296, 4165089536]
[4165089792, 4165090048]
[4165091392, 4165093632]
[4165093888, 4165094144]
[4165095488, 4165097728]
[4165097984, 4165098240]
[4165099584, 4165101824]
[4165102080, 4165102336]
[4165103680, 4165105920]
[4165106176, 4165106432]
[4165107776, 4165110016]
[4165110272, 4165110528]
[4165111872, 4165114112]
[4165114368, 4165114624]
[4165115968, 4165118208]
[4165118464, 4165118720]
[4165120064, 4165122304]
[4165122560, 4165122816]
[4165124160, 4165126400]
[4165126656, 4165126912]
[4165128256, 4165130496]
[4165130752, 4165131008]
[4165132352, 4165134592]
[4165134848, 4165135104]
[4165136448, 4165138688]
[4165138944, 4165139200]
[4165140544, 4165142784]
[4165143040, 4165143296]
[4165144640, 4165146880]
[4165147136, 4165147392]
[4165148736, 4165150976]
[4165151232, 4165151488]
[4165152832, 4165155072]
[4165155328, 4165155584]
[4165156928, 4165159168]
[4165159424, 4165159680]
[4165161024, 4165163264]
[4165163520, 4165163776]
[4165165120, 4165167360]
[4165167616, 4165167872]
[4165169216, 4165171456]
[4165171712, 4165171968]
[4165173312, 4165175552]
[4165175808, 4165176064]
[4165177408, 4165179648]
[4165179904, 4165180160]
[4165181504, 4165183744]
[4165184000, 4165184256]
[4165185600, 4165187840]
[4165188096, 4165188352]
[4165189696, 4165191936]
[4165192192, 4165192448]
[4165193792, 4165196032]
[4165196288, 4165196544]
[4165197888, 4165200128]
[4165200384, 4165200640]
[4165201984, 4165204224]
[4165204480, 4165204736]
[4165206080, 4165208320]
[4165208576, 4165208832]
[4165210176, 4165212416]
[4165212672, 4165212928]
[4165214272, 4165216512]
[4165216768, 4165217024]
[4165218368, 4165220608]
[4165220864, 4165221120]
[4165222464, 4165224704]
[4165224960, 4165225216]
[4165226560, 4165228800]
[4165229056, 4165229312]
[4165230656, 4165232896]
[4165233152, 4165233408]
[4165234752, 4165236992]
[4165237248, 4165237504]
[4165238848, 4165241088]
[4165241344, 4165241600]
[4165242944, 4165245184]
[4165245440, 4165245696]
[4165247040, 4165249280]
[4165249536, 4165249792]
[4165251136, 4165253376]
[4165253632, 4165253888]
[4165255232, 4165257472]
[4165257728, 4165257984]
[4165259328, 4165261568]
[4165261824, 4165262080]
[4165263424, 4165265664]
[4165265920, 4165266176]
[4165267520, 4165269760]
[4165270016, 4165270272]
[4165271616, 4165273856]
[4165274112, 4165274368]
[4165275712, 4165277952]
[4165278208, 4165278464]
[4165279808, 4165282048]
[4165282304, 4165282560]
[4165283904, 4165286144]
[4165286400, 4165286656]
[4165288000, 4165290240]
[4165290496, 4165290752]
[4165292096, 4165294336]
[4165294592, 4165294848]
[4165296192, 4165298432]
[4165298688, 4165298944]
[4165300288, 4165302528]
[4165302784, 4165303040]
[4165304384, 4165306624]
[4165306880, 4165307136]
[4165308480, 4165310720]
[4165310976, 4165311232]
[4165312576, 4165314816]
[4165315072, 4165315328]
[4165316672, 4165318912]
[4165319168, 4165319424]
[4165320768, 4165323008]
[4165323264, 4165323520]
[4165324864, 4165327104]
[4165327360, 4165327616]
[4165328960, 4165331200]
[4165331456, 4165331712]
[4165333056, 4165335296]
[4165335552, 4165335808]
[4165337152, 4165339392]
[4165339648, 4165339904]
[4165341248, 4165343488]
[4165343744, 4165344000]
[4165345344, 4165347584]
[4165347840, 4165348096]
[4165349440, 4165351680]
[4165351936, 4165352192]
[4165353536, 4165355776]
[4165356032, 4165356288]
[4165357632, 4165359872]
[4165360128, 4165360384]
[4165361728, 4165363968]
[4165364224, 4165364480]
[4165365824, 4165368064]
[4165368320, 4165368576]
[4165369920, 4165372160]
[4165372416, 4165372672]
[4165374016, 4165376256]
[4165376512, 4165376768]
[4165378112, 4165380352]
[4165380608, 4165380864]
[4165382208, 4165384448]
[4165384704, 4165384960]
[4165386304, 4165388544]
[4165388800, 4165389056]
[4165390400, 4165392640]
[4165392896, 4165393152]
[4165394496, 4165396736]
[4165396992, 4165397248]
[4165398592, 4165400832]
[4165401088, 4165401344]
[4165402688, 4165404928]
[4165405184, 4165405440]
[4165406784, 4165409024]
[4165409280, 4165409536]
[4165410880, 4165413120]
[4165413376, 4165413632]
[4165414976, 4165417216]
[4165417472, 4165417728]
[4165419072, 4165421312]
[4165421568, 4165421824]
[4165423168, 4165425408]
[4165425664, 4165425920]
[4165427264, 4165429504]
[4165429760, 4165430016]
[4165431360, 4165433600]
[4165433856, 4165434112]
[4165435456, 4165437696]
[4165437952, 4165438208]
[4165439552, 4165441792]
[4165442048, 4165442304]
[4165443648, 4165445888]
[4165446144, 4165446400]
[4165447744, 4165449984]
[4165450240, 4165450496]
[4165451840, 4165454080]
[4165454336, 4165454592]
[4165455936, 4165458176]
[4165458432, 4165458688]
[4165460032, 4165462272]
[4165462528, 4165462784]
[4165464128, 4165466368]
[4165466624, 4165466880]
[4165468224, 4165470464]
[4165470720, 4165470976]
[4165472320, 4165474560]
[4165474816, 4165475072]
[4165476416, 4165478656]
[4165478912, 4165479168]
[4165480512, 4165482752]
[4165483008, 4165483264]
[4165484608, 4165486848]
[4165487104, 4165487360]
[4165488704, 4165490944]
[4165491200, 4165491456]
[4165492800, 4165495040]
[4165495296, 4165495552]
[4165496896, 4165499136]
[4165499392, 4165499648]
[4165500992, 4165503232]
[4165503488, 4165503744]
[4165505088, 4165507328]
[4165507584, 4165507840]
[4165509184, 4165511424]
[4165511680, 4165511936]
[4165513280, 4165515520]
[4165515776, 4165516032]
[4165517376, 4165519616]
[4165519872, 4165520128]
[4165521472, 4165523712]
[4165523968, 4165524224]
[4165525568, 4165527808]
[4165528064, 4165528320]
[4165529664, 4165531904]
[4165532160, 4165532416]
[4165533760, 4165536000]
[4165536256, 4165536512]
[4165537856, 4165540096]
[4165540352, 4165540608]
[4165541952, 4165544192]
[4165544448, 4165544704]
[4165546048, 4165548288]
[4165548544, 4165548800]
[4165550144, 4165552384]
[4165552640, 4165552896]
[4165554240, 4165556480]
[4165556736, 4165556992]
[4165558336, 4165560576]
[4165560832, 4165561088]
[4165562432, 4165564672]
[4165564928, 4165565184]
[4165566528, 4165568768]
[4165569024, 4165569280]
[4165570624, 4165572864]
[4165573120, 4165573376]
[4165574720, 4165576960]
[4165577216, 4165577472]
[4165578816, 4165581056]
[4165581312, 4165581568]
[4165582912, 4165585152]
[4165585408, 4165585664]
[4165587008, 4165589248]
[4165589504, 4165589760]
[4165591104, 4165593344]
[4165593600, 4165593856]
[4165595200, 4165597440]
[4165597696, 4165597952]
[4165599296, 4165601536]
[4165601792, 4165602048]
[4165603392, 4165605632]
[4165605888, 4165606144]
[4165607488, 4165609728]
[4165609984, 4165610240]
[4165611584, 4165613824]
[4165614080, 4165614336]
[4165615680, 4165617920]
[4165618176, 4165618432]
[4165619776, 4165622016]
[4165622272, 4165622528]
[4165623872, 4165626112]
[4165626368, 4165626624]
[4165627968, 4165630208]
[4165630464, 4165630720]
[4165632064, 4165634304]
[4165634560, 4165634816]
[4165636160, 4165638400]
[4165638656, 4165638912]
[4165640256, 4165642496]
[4165642752, 4165643008]
[4165644352, 4165646592]
[4165646848, 4165647104]
[4165648448, 4165650688]
[4165650944, 4165651200]
[4165652544, 4165654784]
[4165655040, 4165655296]
[4165656640, 4165658880]
[4165659136, 4165659392]
[4165660736, 4165662976]
[4165663232, 4165663488]
[4165664832, 4165667072]
[4165667328, 4165667584]
[4165668928, 4165671168]
[4165671424, 4165671680]
[4165673024, 4165675264]
[4165675520, 4165675776]
[4165677120, 4165679360]
[4165679616, 4165679872]
[4165681216, 4165683456]
[4165683712, 4165683968]
[4165685312, 4165687552]
[4165687808, 4165688064]
[4165689408, 4165691648]
[4165691904, 4165692160]
[4165693504, 4165695744]
[4165696000, 4165696256]
[4165697600, 4165699840]
[4165700096, 4165700352]
[4165701696, 4165703936]
[4165704192, 4165704448]
[4165705792, 4165708032]
[4165708288, 4165708544]
[4165709888, 4165712128]
[4165712384, 4165712640]
[4165713984, 4165716224]
[4165716480, 4165716736]
[4165718080, 4165720320]
[4165720576, 4165720832]
[4165722176, 4165724416]
[4165724672, 4165724928]
[4165726272, 4165728512]
[4165728768, 4165729024]
[4165730368, 4165732608]
[4165732864, 4165733120]
[4165734464, 4165736704]
[4165736960, 4165737216]
[4165738560, 4165740800]
[4165741056, 4165741312]
[4165742656, 4165744896]
[4165745152, 4165745408]
[4165746752, 4165748992]
[4165749248, 4165749504]
[4165750848, 4165753088]
[4165753344, 4165753600]
[4165754944, 4165757184]
[4165757440, 4165757696]
[4165759040, 4165761280]
[4165761536, 4165761792]
[4165763136, 4165765376]
[4165765632, 4165765888]
[4165767232, 4165769472]
[4165769728, 4165769984]
[4165771328, 4165773568]
[4165773824, 4165774080]
[4165775424, 4165777664]
[4165777920, 4165778176]
[4165779520, 4165781760]
[4165782016, 4165782272]
[4165783616, 4165785856]
[4165786112, 4165786368]
[4165787712, 4165789952]
[4165790208, 4165790464]
[4165791808, 4165794048]
[4165794304, 4165794560]
[4165795904, 4165798144]
[4165798400, 4165798656]
[4165800000, 4165802240]
[4165802496, 4165802752]
[4165804096, 4165806336]
[4165806592, 4165806848]
[4165808192, 4165810432]
[4165810688, 4165810944]
[4165812288, 4165814528]
[4165814784, 4165815040]
[4165816384, 4165818624]
[4165818880, 4165819136]
[4165820480, 4165822720]
[4165822976, 4165823232]
[4165824576, 4165826816]
[4165827072, 4165827328]
[4165828672, 4165830912]
[4165831168, 4165831424]
[4165832768, 4165835008]
[4165835264, 4165835520]
[4165836864, 4165839104]
[4165839360, 4165839616]
[4165840960, 4165843200]
[4165843456, 4165843712]
[4165845056, 4165847296]
[4165847552, 4165847808]
[4165849152, 4165851392]
[4165851648, 4165851904]
[4165853248, 4165855488]
[4165855744, 4165856000]
[4165857344, 4165859584]
[4165859840, 4165860096]
[4165861440, 4165863680]
[4165863936, 4165864192]
[4165865536, 4165867776]
[4165868032, 4165868288]
[4165869632, 4165871872]
[4165872128, 4165872384]
[4165873728, 4165875968]
[4165876224, 4165876480]
[4165877824, 4165880064]
[4165880320, 4165880576]
[4165881920, 4165884160]
[4165884416, 4165884672]
[4165886016, 4165888256]
[4165888512, 4165888768]
[4165890112, 4165892352]
[4165892608, 4165892864]
[4165894208, 4165896448]
[4165896704, 4165896960]
[4165898304, 4165900544]
[4165900800, 4165901056]
[4165902400, 4165904640]
[4165904896, 4165905152]
[4165906496, 4165908736]
[4165908992, 4165909248]
[4165910592, 4165912832]
[4165913088, 4165913344]
[4165914688, 4165916928]
[4165917184, 4165917440]
[4165918784, 4165921024]
[4165921280, 4165921536]
[4165922880, 4165925120]
[4165925376, 4165925632]
[4165926912, 4165992448]
[4165992512, 4165994752]
[4165995008, 4165995264]
[4165996608, 4165998848]
[4165999104, 4165999360]
[4166000704, 4166002944]
[4166003200, 4166003456]
[4166004800, 4166007040]
[4166007296, 4166007552]
[4166008896, 4166011136]
[4166011392, 4166011648]
[4166012992, 4166015232]
[4166015488, 4166015744]
[4166017088, 4166019328]
[4166019584, 4166019840]
[4166021184, 4166023424]
[4166023680, 4166023936]
[4166025280, 4166027520]
[4166027776, 4166028032]
[4166029376, 4166031616]
[4166031872, 4166032128]
[4166033472, 4166035712]
[4166035968, 4166036224]
[4166037568, 4166039808]
[4166040064, 4166040320]
[4166041664, 4166043904]
[4166044160, 4166044416]
[4166045760, 4166048000]
[4166048256, 4166048512]
[4166049856, 4166052096]
[4166052352, 4166052608]
[4166053952, 4166056192]
[4166056448, 4166056704]
[4166058048, 4166060288]
[4166060544, 4166060800]
[4166062144, 4166064384]
[4166064640, 4166064896]
[4166066240, 4166068480]
[4166068736, 4166068992]
[4166070336, 4166072576]
[4166072832, 4166073088]
[4166074432, 4166076672]
[4166076928, 4166077184]
[4166078528, 4166080768]
[4166081024, 4166081280]
[4166082624, 4166084864]
[4166085120, 4166085376]
[4166086720, 4166088960]
[4166089216, 4166089472]
[4166090816, 4166093056]
[4166093312, 4166093568]
[4166094912, 4166097152]
[4166097408, 4166097664]
[4166099008, 4166101248]
[4166101504, 4166101760]
[4166103104, 4166105344]
[4166105600, 4166105856]
[4166107200, 4166109440]
[4166109696, 4166109952]
[4166111296, 4166113536]
[4166113792, 4166114048]
[4166115392, 4166117632]
[4166117888, 4166118144]
[4166119488, 4166121728]
[4166121984, 4166122240]
[4166123584, 4166125824]
[4166126080, 4166126336]
[4166127680, 4166129920]
[4166130176, 4166130432]
[4166131776, 4166134016]
[4166134272, 4166134528]
[4166135872, 4166138112]
[4166138368, 4166138624]
[4166139968, 4166142208]
[4166142464, 4166142720]
[4166144064, 4166146304]
[4166146560, 4166146816]
[4166148160, 4166150400]
[4166150656, 4166150912]
[4166152256, 4166154496]
[4166154752, 4166155008]
[4166156352, 4166158592]
[4166158848, 4166159104]
[4166160448, 4166162688]
[4166162944, 4166163200]
[4166164544, 4166166784]
[4166167040, 4166167296]
[4166168640, 4166170880]
[4166171136, 4166171392]
[4166172736, 4166174976]
[4166175232, 4166175488]
[4166176832, 4166179072]
[4166179328, 4166179584]
[4166180928, 4166183168]
[4166183424, 4166183680]
[4166185024, 4166187264]
[4166187520, 4166187776]
[4166189120, 4166191360]
[4166191616, 4166191872]
[4166193216, 4166195456]
[4166195712, 4166195968]
[4166197312, 4166199552]
[4166199808, 4166200064]
[4166201408, 4166203648]
[4166203904, 4166204160]
[4166205504, 4166207744]
[4166208000, 4166208256]
[4166209600, 4166211840]
[4166212096, 4166212352]
[4166213696, 4166215936]
[4166216192, 4166216448]
[4166217792, 4166220032]
[4166220288, 4166220544]
[4166221888, 4166224128]
[4166224384, 4166224640]
[4166225984, 4166228224]
[4166228480, 4166228736]
[4166230080, 4166232320]
[4166232576, 4166232832]
[4166234176, 4166236416]
[4166236672, 4166236928]
[4166238272, 4166240512]
[4166240768, 4166241024]
[4166242368, 4166244608]
[4166244864, 4166245120]
[4166246464, 4166248704]
[4166248960, 4166249216]
[4166250560, 4166252800]
[4166253056, 4166253312]
[4166254656, 4166256896]
[4166257152, 4166257408]
[4166258752, 4166260992]
[4166261248, 4166261504]
[4166262848, 4166265088]
[4166265344, 4166265600]
[4166266944, 4166269184]
[4166269440, 4166269696]
[4166271040, 4166273280]
[4166273536, 4166273792]
[4166275136, 4166277376]
[4166277632, 4166277888]
[4166279232, 4166281472]
[4166281728, 4166281984]
[4166283328, 4166285568]
[4166285824, 4166286080]
[4166287424, 4166289664]
[4166289920, 4166290176]
[4166291520, 4166293760]
[4166294016, 4166294272]
[4166295616, 4166297856]
[4166298112, 4166298368]
[4166299712, 4166301952]
[4166302208, 4166302464]
[4166303808, 4166306048]
[4166306304, 4166306560]
[4166307904, 4166310144]
[4166310400, 4166310656]
[4166312000, 4166314240]
[4166314496, 4166314752]
[4166316096, 4166318336]
[4166318592, 4166318848]
[4166320192, 4166322432]
[4166322688, 4166322944]
[4166324288, 4166326528]
[4166326784, 4166327040]
[4166328384, 4166330624]
[4166330880, 4166331136]
[4166332480, 4166334720]
[4166334976, 4166335232]
[4166336576, 4166338816]
[4166339072, 4166339328]
[4166340672, 4166342912]
[4166343168, 4166343424]
[4166344768, 4166347008]
[4166347264, 4166347520]
[4166348864, 4166351104]
[4166351360, 4166351616]
[4166352960, 4166355200]
[4166355456, 4166355712]
[4166357056, 4166359296]
[4166359552, 4166359808]
[4166361152, 4166363392]
[4166363648, 4166363904]
[4166365248, 4166367488]
[4166367744, 4166368000]
[4166369344, 4166371584]
[4166371840, 4166372096]
[4166373440, 4166375680]
[4166375936, 4166376192]
[4166377536, 4166379776]
[4166380032, 4166380288]
[4166381632, 4166383872]
[4166384128, 4166384384]
[4166385728, 4166387968]
[4166388224, 4166388480]
[4166389824, 4166392064]
[4166392320, 4166392576]
[4166393920, 4166396160]
[4166396416, 4166396672]
[4166398016, 4166400256]
[4166400512, 4166400768]
[4166402112, 4166404352]
[4166404608, 4166404864]
[4166406208, 4166408448]
[4166408704, 4166408960]
[4166410304, 4166412544]
[4166412800, 4166413056]
[4166414400, 4166416640]
[4166416896, 4166417152]
[4166418496, 4166420736]
[4166420992, 4166421248]
[4166422592, 4166424832]
[4166425088, 4166425344]
[4166426688, 4166428928]
[4166429184, 4166429440]
[4166430784, 4166433024]
[4166433280, 4166433536]
[4166434880, 4166437120]
[4166437376, 4166437632]
[4166438976, 4166441216]
[4166441472, 4166441728]
[4166443072, 4166445312]
[4166445568, 4166445824]
[4166447168, 4166449408]
[4166449664, 4166449920]
[4166451264, 4166453504]
[4166453760, 4166454016]
[4166455360, 4166457600]
[4166457856, 4166458112]
[4166459456, 4166461696]
[4166461952, 4166462208]
[4166463552, 4166465792]
[4166466048, 4166466304]
[4166467648, 4166469888]
[4166470144, 4166470400]
[4166471744, 4166473984]
[4166474240, 4166474496]
[4166475840, 4166478080]
[4166478336, 4166478592]
[4166479936, 4166482176]
[4166482432, 4166482688]
[4166484032, 4166486272]
[4166486528, 4166486784]
[4166488128, 4166490368]
[4166490624, 4166490880]
[4166492224, 4166494464]
[4166494720, 4166494976]
[4166496320, 4166498560]
[4166498816, 4166499072]
[4166500416, 4166502656]
[4166502912, 4166503168]
[4166504512, 4166506752]
[4166507008, 4166507264]
[4166508608, 4166510848]
[4166511104, 4166511360]
[4166512704, 4166514944]
[4166515200, 4166515456]
[4166516800, 4166519040]
[4166519296, 4166519552]
[4166520896, 4166523136]
[4166523392, 4166523648]
[4166524992, 4166527232]
[4166527488, 4166527744]
[4166529088, 4166531328]
[4166531584, 4166531840]
[4166533184, 4166535424]
[4166535680, 4166535936]
[4166537280, 4166539520]
[4166539776, 4166540032]
[4166541376, 4166543616]
[4166543872, 4166544128]
[4166545472, 4166547712]
[4166547968, 4166548224]
[4166549568, 4166551808]
[4166552064, 4166552320]
[4166553664, 4166555904]
[4166556160, 4166556416]
[4166557760, 4166560000]
[4166560256, 4166560512]
[4166561856, 4166564096]
[4166564352, 4166564608]
[4166565952, 4166568192]
[4166568448, 4166568704]
[4166570048, 4166572288]
[4166572544, 4166572800]
[4166574144, 4166576384]
[4166576640, 4166576896]
[4166578240, 4166580480]
[4166580736, 4166580992]
[4166582336, 4166584576]
[4166584832, 4166585088]
[4166586432, 4166588672]
[4166588928, 4166589184]
[4166590528, 4166592768]
[4166593024, 4166593280]
[4166594624, 4166596864]
[4166597120, 4166597376]
[4166598720, 4166600960]
[4166601216, 4166601472]
[4166602816, 4166605056]
[4166605312, 4166605568]
[4166606912, 4166609152]
[4166609408, 4166609664]
[4166611008, 4166613248]
[4166613504, 4166613760]
[4166615104, 4166617344]
[4166617600, 4166617856]
[4166619200, 4166621440]
[4166621696, 4166621952]
[4166623296, 4166625536]
[4166625792, 4166626048]
[4166627392, 4166629632]
[4166629888, 4166630144]
[4166631488, 4166633728]
[4166633984, 4166634240]
[4166635584, 4166637824]
[4166638080, 4166638336]
[4166639680, 4166641920]
[4166642176, 4166642432]
[4166643776, 4166646016]
[4166646272, 4166646528]
[4166647872, 4166650112]
[4166650368, 4166650624]
[4166651968, 4166654208]
[4166654464, 4166654720]
[4166656064, 4166658304]
[4166658560, 4166658816]
[4166660160, 4166662400]
[4166662656, 4166662912]
[4166664256, 4166666496]
[4166666752, 4166667008]
[4166668352, 4166670592]
[4166670848, 4166671104]
[4166672448, 4166674688]
[4166674944, 4166675200]
[4166676544, 4166678784]
[4166679040, 4166679296]
[4166680640, 4166682880]
[4166683136, 4166683392]
[4166684736, 4166686976]
[4166687232, 4166687488]
[4166688832, 4166691072]
[4166691328, 4166691584]
[4166692928, 4166695168]
[4166695424, 4166695680]
[4166697024, 4166699264]
[4166699520, 4166699776]
[4166701120, 4166703360]
[4166703616, 4166703872]
[4166705216, 4166707456]
[4166707712, 4166707968]
[4166709312, 4166711552]
[4166711808, 4166712064]
[4166713408, 4166715648]
[4166715904, 4166716160]
[4166717504, 4166719744]
[4166720000, 4166720256]
[4166721600, 4166723840]
[4166724096, 4166724352]
[4166725696, 4166727936]
[4166728192, 4166728448]
[4166729792, 4166732032]
[4166732288, 4166732544]
[4166733888, 4166736128]
[4166736384, 4166736640]
[4166737984, 4166740224]
[4166740480, 4166740736]
[4166742080, 4166744320]
[4166744576, 4166744832]
[4166746176, 4166748416]
[4166748672, 4166748928]
[4166750272, 4166752512]
[4166752768, 4166753024]
[4166754368, 4166756608]
[4166756864, 4166757120]
[4166758464, 4166760704]
[4166760960, 4166761216]
[4166762560, 4166764800]
[4166765056, 4166765312]
[4166766656, 4166768896]
[4166769152, 4166769408]
[4166770752, 4166772992]
[4166773248, 4166773504]
[4166774848, 4166777088]
[4166777344, 4166777600]
[4166778944, 4166781184]
[4166781440, 4166781696]
[4166783040, 4166785280]
[4166785536, 4166785792]
[4166787136, 4166789376]
[4166789632, 4166789888]
[4166791232, 4166793472]
[4166793728, 4166793984]
[4166795328, 4166797568]
[4166797824, 4166798080]
[4166799424, 4166801664]
[4166801920, 4166802176]
[4166803520, 4166805760]
[4166806016, 4166806272]
[4166807616, 4166809856]
[4166810112, 4166810368]
[4166811712, 4166813952]
[4166814208, 4166814464]
[4166815808, 4166818048]
[4166818304, 4166818560]
[4166819904, 4166822144]
[4166822400, 4166822656]
[4166824000, 4166826240]
[4166826496, 4166826752]
[4166828096, 4166830336]
[4166830592, 4166830848]
[4166832192, 4166834432]
[4166834688, 4166834944]
[4166836288, 4166838528]
[4166838784, 4166839040]
[4166840384, 4166842624]
[4166842880, 4166843136]
[4166844480, 4166846720]
[4166846976, 4166847232]
[4166848576, 4166850816]
[4166851072, 4166851328]
[4166852672, 4166854912]
[4166855168, 4166855424]
[4166856768, 4166859008]
[4166859264, 4166859520]
[4166860864, 4166863104]
[4166863360, 4166863616]
[4166864960, 4166867200]
[4166867456, 4166867712]
[4166869056, 4166871296]
[4166871552, 4166871808]
[4166873152, 4166875392]
[4166875648, 4166875904]
[4166877248, 4166879488]
[4166879744, 4166880000]
[4166881344, 4166883584]
[4166883840, 4166884096]
[4166885440, 4166887680]
[4166887936, 4166888192]
[4166889536, 4166891776]
[4166892032, 4166892288]
[4166893632, 4166895872]
[4166896128, 4166896384]
[4166897728, 4166899968]
[4166900224, 4166900480]
[4166901824, 4166904064]
[4166904320, 4166904576]
[4166905920, 4166908160]
[4166908416, 4166908672]
[4166910016, 4166912256]
[4166912512, 4166912768]
[4166914112, 4166916352]
[4166916608, 4166916864]
[4166918208, 4166920448]
[4166920704, 4166920960]
[4166922304, 4166924544]
[4166924800, 4166925056]
[4166926400, 4166928640]
[4166928896, 4166929152]
[4166930496, 4166932736]
[4166932992, 4166933248]
[4166934592, 4166936832]
[4166937088, 4166937344]
[4166938688, 4166940928]
[4166941184, 4166941440]
[4166942784, 4166945024]
[4166945280, 4166945536]
[4166946880, 4166949120]
[4166949376, 4166949632]
[4166950976, 4166953216]
[4166953472, 4166953728]
[4166955072, 4166957312]
[4166957568, 4166957824]
[4166959168, 4166961408]
[4166961664, 4166961920]
[4166963264, 4166965504]
[4166965760, 4166966016]
[4166967360, 4166969600]
[4166969856, 4166970112]
[4166971456, 4166973696]
[4166973952, 4166974208]
[4167041024, 4169138176]
[4170121216, 4170186752]
[4170248192, 4170252288]
[4170313728, 4170317824]
[4170379264, 4170383360]
[4170444800, 4170448896]
[4170510336, 4170514432]
[4170575872, 4170579968]
[4170641408, 4170645504]
[4170706944, 4170711040]
[4170772480, 4170776576]
[4170838016, 4170842112]
[4170903552, 4170907648]
[4170969088, 4170973184]
[4171034624, 4171038720]
[4171100160, 4171104256]
[4171165696, 4171169792]
[4172218368, 4172283904]
[4174315520, 4174381056]
[4175429632, 4177526784]
