[4045406208, 4045438976]
[4045471744, 4045504512]
[4045537280, 4045570048]
[4045602816, 4045635584]
[4045668352, 4045701120]
[4045733888, 4045766656]
[4045799424, 4045832192]
[4045864960, 4045897728]
[4045930496, 4045963264]
[4045996032, 4046028800]
[4046061568, 4046094336]
[4046127104, 4046159872]
[4046192640, 4046225408]
[4046258176, 4046290944]
[4046323712, 4046356480]
[4046389248, 4046422016]
[4046454784, 4046487552]
[4046520320, 4046553088]
[4046585856, 4046618624]
[4046651392, 4046684160]
[4046716928, 4046749696]
[4046782464, 4046815232]
[4046848000, 4046880768]
[4046913536, 4046946304]
[4046979072, 4047011840]
[4047044608, 4047077376]
[4047110144, 4047142912]
[4047175680, 4047208448]
[4047241216, 4047273984]
[4047306752, 4047339520]
[4047372288, 4047405056]
[4047437824, 4047470592]
[4051697664, 4051730432]
[4051763200, 4051795968]
[4051828736, 4051861504]
[4051894272, 4051927040]
[4051959808, 4051992576]
[4052025344, 4052058112]
[4052090880, 4052123648]
[4052156416, 4052189184]
[4052221952, 4052254720]
[4052287488, 4052320256]
[4052353024, 4052385792]
[4052418560, 4052451328]
[4052484096, 4052516864]
[4052549632, 4052582400]
[4052615168, 4052647936]
[4052680704, 4052713472]
[4052746240, 4052779008]
[4052811776, 4052844544]
[4052877312, 4052910080]
[4052942848, 4052975616]
[4053008384, 4053041152]
[4053073920, 4053106688]
[4053139456, 4053172224]
[4053204992, 4053237760]
[4053270528, 4053303296]
[4053336064, 4053368832]
[4053401600, 4053434368]
[4053467136, 4053499904]
[4053532672, 4053565440]
[4053598208, 4053630976]
[4053663744, 4053696512]
[4053729280, 4053762048]
[4057989120, 4058021888]
[4058054656, 4058087424]
[4058120192, 4058152960]
[4058185728, 4058218496]
[4058251264, 4058284032]
[4058316800, 4058349568]
[4058382336, 4058415104]
[4058447872, 4058480640]
[4058513408, 4058546176]
[4058578944, 4058611712]
[4058644480, 4058677248]
[4058710016, 4058742784]
[4058775552, 4058808320]
[4058841088, 4058873856]
[4058906624, 4058939392]
[4058972160, 4059004928]
[4059037696, 4059070464]
[4059103232, 4059136000]
[4059168768, 4059201536]
[4059234304, 4059267072]
[4059299840, 4059332608]
[4059365376, 4059398144]
[4059430912, 4059463680]
[4059496448, 4059529216]
[4059561984, 4059594752]
[4059627520, 4059660288]
[4059693056, 4059725824]
[4059758592, 4059791360]
[4059824128, 4059856896]
[4059889664, 4059922432]
[4059955200, 4059987968]
[4060020736, 4060053504]
