[4104126464, 4104159232]
[4104192000, 4104224768]
[4104257536, 4104290304]
[4104323072, 4104355840]
[4104388608, 4104421376]
[4104454144, 4104486912]
[4104519680, 4104552448]
[4104585216, 4104617984]
[4104650752, 4104683520]
[4104716288, 4104749056]
[4104781824, 4104814592]
[4104847360, 4104880128]
[4104912896, 4104945664]
[4104978432, 4105011200]
[4105043968, 4105076736]
[4105109504, 4105142272]
[4105175040, 4105207808]
[4105240576, 4105273344]
[4105306112, 4105338880]
[4105371648, 4105404416]
[4105437184, 4105469952]
[4105502720, 4105535488]
[4105568256, 4105601024]
[4105633792, 4105666560]
[4105699328, 4105732096]
[4105764864, 4105797632]
[4105830400, 4105863168]
[4105895936, 4105928704]
[4105961472, 4105994240]
[4106027008, 4106059776]
[4106092544, 4106125312]
[4106158080, 4106190848]
[4106223616, 4106256384]
[4106289152, 4106321920]
[4106354688, 4106387456]
[4106420224, 4106452992]
[4106485760, 4106518528]
[4106551296, 4106584064]
[4106616832, 4106649600]
[4106682368, 4106715136]
[4106747904, 4106780672]
[4106813440, 4106846208]
[4106878976, 4106911744]
[4106944512, 4106977280]
[4107010048, 4107042816]
[4107075584, 4107108352]
[4107141120, 4107173888]
[4107206656, 4107239424]
[4107272192, 4107304960]
[4107337728, 4107370496]
[4107403264, 4107436032]
[4107468800, 4107501568]
[4107534336, 4107567104]
[4107599872, 4107632640]
[4107665408, 4107698176]
[4107730944, 4107763712]
[4107796480, 4107829248]
[4107862016, 4107894784]
[4107927552, 4107960320]
[4107993088, 4108025856]
[4108058624, 4108091392]
[4108124160, 4108156928]
[4108189696, 4108222464]
[4108255232, 4108288000]
[4108320768, 4108353536]
[4108386304, 4108419072]
[4108451840, 4108484608]
[4108517376, 4108550144]
[4108582912, 4108615680]
[4108648448, 4108681216]
[4108713984, 4108746752]
[4108779520, 4108812288]
[4108845056, 4108877824]
[4108910592, 4108943360]
[4108976128, 4109008896]
[4109041664, 4109074432]
[4109107200, 4109139968]
[4109172736, 4109205504]
[4109238272, 4109271040]
[4109303808, 4109336576]
[4109369344, 4109402112]
[4109434880, 4109467648]
[4109500416, 4109533184]
[4109565952, 4109598720]
[4109631488, 4109664256]
[4109697024, 4109729792]
[4109762560, 4109795328]
[4109828096, 4109860864]
[4109893632, 4109926400]
[4109959168, 4109991936]
[4110024704, 4110057472]
[4110090240, 4110123008]
[4110155776, 4110188544]
[4110221312, 4110254080]
[4110286848, 4110319616]
[4110352384, 4110385152]
