[4077912064, 4077944832]
[4077977600, 4078010368]
[4078043136, 4078075904]
[4078108672, 4078141440]
[4078174208, 4078206976]
[4078239744, 4078272512]
[4078305280, 4078338048]
[4078370816, 4078403584]
[4078436352, 4078469120]
[4078501888, 4078534656]
[4078567424, 4078600192]
[4078632960, 4078665728]
[4078698496, 4078731264]
[4078764032, 4078796800]
[4078829568, 4078862336]
[4078895104, 4078927872]
[4080009216, 4080041984]
[4080074752, 4080107520]
[4080140288, 4080173056]
[4080205824, 4080238592]
[4080271360, 4080304128]
[4080336896, 4080369664]
[4080402432, 4080435200]
[4080467968, 4080500736]
[4080533504, 4080566272]
[4080599040, 4080631808]
[4080664576, 4080697344]
[4080730112, 4080762880]
[4080795648, 4080828416]
[4080861184, 4080893952]
[4080926720, 4080959488]
[4080992256, 4081025024]
[4082106368, 4082139136]
[4082171904, 4082204672]
[4082237440, 4082270208]
[4082302976, 4082335744]
[4082368512, 4082401280]
[4082434048, 4082466816]
[4082499584, 4082532352]
[4082565120, 4082597888]
[4082630656, 4082663424]
[4082696192, 4082728960]
[4082761728, 4082794496]
[4082827264, 4082860032]
[4082892800, 4082925568]
[4082958336, 4082991104]
[4083023872, 4083056640]
[4083089408, 4083122176]
[4084203520, 4084236288]
[4084269056, 4084301824]
[4084334592, 4084367360]
[4084400128, 4084432896]
[4084465664, 4084498432]
[4084531200, 4084563968]
[4084596736, 4084629504]
[4084662272, 4084695040]
[4084727808, 4084760576]
[4084793344, 4084826112]
[4084858880, 4084891648]
[4084924416, 4084957184]
[4084989952, 4085022720]
[4085055488, 4085088256]
[4085121024, 4085153792]
[4085186560, 4085219328]
[4086300672, 4086333440]
[4086366208, 4086398976]
[4086431744, 4086464512]
[4086497280, 4086530048]
[4086562816, 4086595584]
[4086628352, 4086661120]
[4086693888, 4086726656]
[4086759424, 4086792192]
[4086824960, 4086857728]
[4086890496, 4086923264]
[4086956032, 4086988800]
[4087021568, 4087054336]
[4087087104, 4087119872]
[4087152640, 4087185408]
[4087218176, 4087250944]
[4087283712, 4087316480]
[4087382032, 4087382033]
[4087382034, 4087382035]
[4087382528, 4087383296]
[4087383552, 4087383808]
[4087384080, 4087384081]
[4087384082, 4087384083]
[4087384576, 4087385344]
[4087385600, 4087385856]
[4087390224, 4087390225]
[4087390226, 4087390227]
[4087390720, 4087391488]
[4087391744, 4087392000]
[4087392272, 4087392273]
[4087392274, 4087392275]
[4087392768, 4087393536]
[4087393792, 4087394048]
[4087447568, 4087447569]
[4087447570, 4087447571]
[4087448064, 4087448832]
[4087449088, 4087449344]
[4087449616, 4087449617]
[4087449618, 4087449619]
[4087450112, 4087450880]
[4087451136, 4087451392]
[4087455760, 4087455761]
[4087455762, 4087455763]
[4087456256, 4087457024]
[4087457280, 4087457536]
[4087457808, 4087457809]
[4087457810, 4087457811]
[4087458304, 4087459072]
[4087459328, 4087459584]
[4087513104, 4087513105]
[4087513106, 4087513107]
[4087513600, 4087514368]
[4087514624, 4087514880]
[4087515152, 4087515153]
[4087515154, 4087515155]
[4087515648, 4087516416]
[4087516672, 4087516928]
[4087521296, 4087521297]
[4087521298, 4087521299]
[4087521792, 4087522560]
[4087522816, 4087523072]
[4087523344, 4087523345]
[4087523346, 4087523347]
[4087523840, 4087524608]
[4087524864, 4087525120]
[4087578640, 4087578641]
[4087578642, 4087578643]
[4087579136, 4087579904]
[4087580160, 4087580416]
[4087580688, 4087580689]
[4087580690, 4087580691]
[4087581184, 4087581952]
[4087582208, 4087582464]
[4087586832, 4087586833]
[4087586834, 4087586835]
[4087587328, 4087588096]
[4087588352, 4087588608]
[4087588880, 4087588881]
[4087588882, 4087588883]
[4087589376, 4087590144]
[4087590400, 4087590656]
[4087644176, 4087644177]
[4087644178, 4087644179]
[4087644672, 4087645440]
[4087645696, 4087645952]
[4087646224, 4087646225]
[4087646226, 4087646227]
[4087646720, 4087647488]
[4087647744, 4087648000]
[4087652368, 4087652369]
[4087652370, 4087652371]
[4087652864, 4087653632]
[4087653888, 4087654144]
[4087654416, 4087654417]
[4087654418, 4087654419]
[4087654912, 4087655680]
[4087655936, 4087656192]
[4087709712, 4087709713]
[4087709714, 4087709715]
[4087710208, 4087710976]
[4087711232, 4087711488]
[4087711760, 4087711761]
[4087711762, 4087711763]
[4087712256, 4087713024]
[4087713280, 4087713536]
[4087717904, 4087717905]
[4087717906, 4087717907]
[4087718400, 4087719168]
[4087719424, 4087719680]
[4087719952, 4087719953]
[4087719954, 4087719955]
[4087720448, 4087721216]
[4087721472, 4087721728]
[4087775248, 4087775249]
[4087775250, 4087775251]
[4087775744, 4087776512]
[4087776768, 4087777024]
[4087777296, 4087777297]
[4087777298, 4087777299]
[4087777792, 4087778560]
[4087778816, 4087779072]
[4087783440, 4087783441]
[4087783442, 4087783443]
[4087783936, 4087784704]
[4087784960, 4087785216]
[4087785488, 4087785489]
[4087785490, 4087785491]
[4087785984, 4087786752]
[4087787008, 4087787264]
[4087840784, 4087840785]
[4087840786, 4087840787]
[4087841280, 4087842048]
[4087842304, 4087842560]
[4087842832, 4087842833]
[4087842834, 4087842835]
[4087843328, 4087844096]
[4087844352, 4087844608]
[4087848976, 4087848977]
[4087848978, 4087848979]
[4087849472, 4087850240]
[4087850496, 4087850752]
[4087851024, 4087851025]
[4087851026, 4087851027]
[4087851520, 4087852288]
[4087852544, 4087852800]
[4087906320, 4087906321]
[4087906322, 4087906323]
[4087906816, 4087907584]
[4087907840, 4087908096]
[4087908368, 4087908369]
[4087908370, 4087908371]
[4087908864, 4087909632]
[4087909888, 4087910144]
[4087914512, 4087914513]
[4087914514, 4087914515]
[4087915008, 4087915776]
[4087916032, 4087916288]
[4087916560, 4087916561]
[4087916562, 4087916563]
[4087917056, 4087917824]
[4087918080, 4087918336]
[4087971856, 4087971857]
[4087971858, 4087971859]
[4087972352, 4087973120]
[4087973376, 4087973632]
[4087973904, 4087973905]
[4087973906, 4087973907]
[4087974400, 4087975168]
[4087975424, 4087975680]
[4087980048, 4087980049]
[4087980050, 4087980051]
[4087980544, 4087981312]
[4087981568, 4087981824]
[4087982096, 4087982097]
[4087982098, 4087982099]
[4087982592, 4087983360]
[4087983616, 4087983872]
[4088037392, 4088037393]
[4088037394, 4088037395]
[4088037888, 4088038656]
[4088038912, 4088039168]
[4088039440, 4088039441]
[4088039442, 4088039443]
[4088039936, 4088040704]
[4088040960, 4088041216]
[4088045584, 4088045585]
[4088045586, 4088045587]
[4088046080, 4088046848]
[4088047104, 4088047360]
[4088047632, 4088047633]
[4088047634, 4088047635]
[4088048128, 4088048896]
[4088049152, 4088049408]
[4088102928, 4088102929]
[4088102930, 4088102931]
[4088103424, 4088104192]
[4088104448, 4088104704]
[4088104976, 4088104977]
[4088104978, 4088104979]
[4088105472, 4088106240]
[4088106496, 4088106752]
[4088111120, 4088111121]
[4088111122, 4088111123]
[4088111616, 4088112384]
[4088112640, 4088112896]
[4088113168, 4088113169]
[4088113170, 4088113171]
[4088113664, 4088114432]
[4088114688, 4088114944]
[4088168464, 4088168465]
[4088168466, 4088168467]
[4088168960, 4088169728]
[4088169984, 4088170240]
[4088170512, 4088170513]
[4088170514, 4088170515]
[4088171008, 4088171776]
[4088172032, 4088172288]
[4088176656, 4088176657]
[4088176658, 4088176659]
[4088177152, 4088177920]
[4088178176, 4088178432]
[4088178704, 4088178705]
[4088178706, 4088178707]
[4088179200, 4088179968]
[4088180224, 4088180480]
[4088234000, 4088234001]
[4088234002, 4088234003]
[4088234496, 4088235264]
[4088235520, 4088235776]
[4088236048, 4088236049]
[4088236050, 4088236051]
[4088236544, 4088237312]
[4088237568, 4088237824]
[4088242192, 4088242193]
[4088242194, 4088242195]
[4088242688, 4088243456]
[4088243712, 4088243968]
[4088244240, 4088244241]
[4088244242, 4088244243]
[4088244736, 4088245504]
[4088245760, 4088246016]
[4088299536, 4088299537]
[4088299538, 4088299539]
[4088300032, 4088300800]
[4088301056, 4088301312]
[4088301584, 4088301585]
[4088301586, 4088301587]
[4088302080, 4088302848]
[4088303104, 4088303360]
[4088307728, 4088307729]
[4088307730, 4088307731]
[4088308224, 4088308992]
[4088309248, 4088309504]
[4088309776, 4088309777]
[4088309778, 4088309779]
[4088310272, 4088311040]
[4088311296, 4088311552]
[4088365072, 4088365073]
[4088365074, 4088365075]
[4088365568, 4088366336]
[4088366592, 4088366848]
[4088367120, 4088367121]
[4088367122, 4088367123]
[4088367616, 4088368384]
[4088368640, 4088368896]
[4088373264, 4088373265]
[4088373266, 4088373267]
[4088373760, 4088374528]
[4088374784, 4088375040]
[4088375312, 4088375313]
[4088375314, 4088375315]
[4088375808, 4088376576]
[4088376832, 4088377088]
[4088397824, 4088430624]
[4088430640, 4088430656]
[4088430720, 4088430880]
[4088430896, 4088430912]
[4088430976, 4088431136]
[4088431152, 4088431168]
[4088431232, 4088431392]
[4088431408, 4088431424]
[4088431488, 4088431648]
[4088431664, 4088431680]
[4088431744, 4088431904]
[4088431920, 4088431936]
[4088432000, 4088432160]
[4088432176, 4088432192]
[4088432256, 4088432416]
[4088432432, 4088432448]
[4088432512, 4088432672]
[4088432688, 4088432704]
[4088432768, 4088432928]
[4088432944, 4088432960]
[4088433024, 4088433184]
[4088433200, 4088433216]
[4088433280, 4088433440]
[4088433456, 4088433472]
[4088433536, 4088433696]
[4088433712, 4088433728]
[4088433792, 4088433952]
[4088433968, 4088433984]
[4088434048, 4088434208]
[4088434224, 4088434240]
[4088434304, 4088434464]
[4088434480, 4088434496]
[4088434560, 4088434688]
[4088438784, 4088438816]
[4088438832, 4088438848]
[4088438912, 4088439072]
[4088439088, 4088439104]
[4088439168, 4088439328]
[4088439344, 4088439360]
[4088439424, 4088439584]
[4088439600, 4088439616]
[4088439680, 4088439840]
[4088439856, 4088439872]
[4088439936, 4088440096]
[4088440112, 4088440128]
[4088440192, 4088440352]
[4088440368, 4088440384]
[4088440448, 4088440608]
[4088440624, 4088440640]
[4088440704, 4088440864]
[4088440880, 4088440896]
[4088440960, 4088441120]
[4088441136, 4088441152]
[4088441216, 4088441376]
[4088441392, 4088441408]
[4088441472, 4088441632]
[4088441648, 4088441664]
[4088441728, 4088441888]
[4088441904, 4088441920]
[4088441984, 4088442144]
[4088442160, 4088442176]
[4088442240, 4088442400]
[4088442416, 4088442432]
[4088442496, 4088442656]
[4088442672, 4088442688]
[4088442752, 4088442880]
[4088463360, 4088496160]
[4088496176, 4088496192]
[4088496256, 4088496416]
[4088496432, 4088496448]
[4088496512, 4088496672]
[4088496688, 4088496704]
[4088496768, 4088496928]
[4088496944, 4088496960]
[4088497024, 4088497184]
[4088497200, 4088497216]
[4088497280, 4088497440]
[4088497456, 4088497472]
[4088497536, 4088497696]
[4088497712, 4088497728]
[4088497792, 4088497952]
[4088497968, 4088497984]
[4088498048, 4088498208]
[4088498224, 4088498240]
[4088498304, 4088498464]
[4088498480, 4088498496]
[4088498560, 4088498720]
[4088498736, 4088498752]
[4088498816, 4088498976]
[4088498992, 4088499008]
[4088499072, 4088499232]
[4088499248, 4088499264]
[4088499328, 4088499488]
[4088499504, 4088499520]
[4088499584, 4088499744]
[4088499760, 4088499776]
[4088499840, 4088500000]
[4088500016, 4088500032]
[4088500096, 4088500224]
[4088504320, 4088504352]
[4088504368, 4088504384]
[4088504448, 4088504608]
[4088504624, 4088504640]
[4088504704, 4088504864]
[4088504880, 4088504896]
[4088504960, 4088505120]
[4088505136, 4088505152]
[4088505216, 4088505376]
[4088505392, 4088505408]
[4088505472, 4088505632]
[4088505648, 4088505664]
[4088505728, 4088505888]
[4088505904, 4088505920]
[4088505984, 4088506144]
[4088506160, 4088506176]
[4088506240, 4088506400]
[4088506416, 4088506432]
[4088506496, 4088506656]
[4088506672, 4088506688]
[4088506752, 4088506912]
[4088506928, 4088506944]
[4088507008, 4088507168]
[4088507184, 4088507200]
[4088507264, 4088507424]
[4088507440, 4088507456]
[4088507520, 4088507680]
[4088507696, 4088507712]
[4088507776, 4088507936]
[4088507952, 4088507968]
[4088508032, 4088508192]
[4088508208, 4088508224]
[4088508288, 4088508416]
[4088528896, 4088561696]
[4088561712, 4088561728]
[4088561792, 4088561952]
[4088561968, 4088561984]
[4088562048, 4088562208]
[4088562224, 4088562240]
[4088562304, 4088562464]
[4088562480, 4088562496]
[4088562560, 4088562720]
[4088562736, 4088562752]
[4088562816, 4088562976]
[4088562992, 4088563008]
[4088563072, 4088563232]
[4088563248, 4088563264]
[4088563328, 4088563488]
[4088563504, 4088563520]
[4088563584, 4088563744]
[4088563760, 4088563776]
[4088563840, 4088564000]
[4088564016, 4088564032]
[4088564096, 4088564256]
[4088564272, 4088564288]
[4088564352, 4088564512]
[4088564528, 4088564544]
[4088564608, 4088564768]
[4088564784, 4088564800]
[4088564864, 4088565024]
[4088565040, 4088565056]
[4088565120, 4088565280]
[4088565296, 4088565312]
[4088565376, 4088565536]
[4088565552, 4088565568]
[4088565632, 4088565760]
[4088569856, 4088569888]
[4088569904, 4088569920]
[4088569984, 4088570144]
[4088570160, 4088570176]
[4088570240, 4088570400]
[4088570416, 4088570432]
[4088570496, 4088570656]
[4088570672, 4088570688]
[4088570752, 4088570912]
[4088570928, 4088570944]
[4088571008, 4088571168]
[4088571184, 4088571200]
[4088571264, 4088571424]
[4088571440, 4088571456]
[4088571520, 4088571680]
[4088571696, 4088571712]
[4088571776, 4088571936]
[4088571952, 4088571968]
[4088572032, 4088572192]
[4088572208, 4088572224]
[4088572288, 4088572448]
[4088572464, 4088572480]
[4088572544, 4088572704]
[4088572720, 4088572736]
[4088572800, 4088572960]
[4088572976, 4088572992]
[4088573056, 4088573216]
[4088573232, 4088573248]
[4088573312, 4088573472]
[4088573488, 4088573504]
[4088573568, 4088573728]
[4088573744, 4088573760]
[4088573824, 4088573952]
[4088594432, 4088627232]
[4088627248, 4088627264]
[4088627328, 4088627488]
[4088627504, 4088627520]
[4088627584, 4088627744]
[4088627760, 4088627776]
[4088627840, 4088628000]
[4088628016, 4088628032]
[4088628096, 4088628256]
[4088628272, 4088628288]
[4088628352, 4088628512]
[4088628528, 4088628544]
[4088628608, 4088628768]
[4088628784, 4088628800]
[4088628864, 4088629024]
[4088629040, 4088629056]
[4088629120, 4088629280]
[4088629296, 4088629312]
[4088629376, 4088629536]
[4088629552, 4088629568]
[4088629632, 4088629792]
[4088629808, 4088629824]
[4088629888, 4088630048]
[4088630064, 4088630080]
[4088630144, 4088630304]
[4088630320, 4088630336]
[4088630400, 4088630560]
[4088630576, 4088630592]
[4088630656, 4088630816]
[4088630832, 4088630848]
[4088630912, 4088631072]
[4088631088, 4088631104]
[4088631168, 4088631296]
[4088635392, 4088635424]
[4088635440, 4088635456]
[4088635520, 4088635680]
[4088635696, 4088635712]
[4088635776, 4088635936]
[4088635952, 4088635968]
[4088636032, 4088636192]
[4088636208, 4088636224]
[4088636288, 4088636448]
[4088636464, 4088636480]
[4088636544, 4088636704]
[4088636720, 4088636736]
[4088636800, 4088636960]
[4088636976, 4088636992]
[4088637056, 4088637216]
[4088637232, 4088637248]
[4088637312, 4088637472]
[4088637488, 4088637504]
[4088637568, 4088637728]
[4088637744, 4088637760]
[4088637824, 4088637984]
[4088638000, 4088638016]
[4088638080, 4088638240]
[4088638256, 4088638272]
[4088638336, 4088638496]
[4088638512, 4088638528]
[4088638592, 4088638752]
[4088638768, 4088638784]
[4088638848, 4088639008]
[4088639024, 4088639040]
[4088639104, 4088639264]
[4088639280, 4088639296]
[4088639360, 4088639488]
[4088659968, 4088692768]
[4088692784, 4088692800]
[4088692864, 4088693024]
[4088693040, 4088693056]
[4088693120, 4088693280]
[4088693296, 4088693312]
[4088693376, 4088693536]
[4088693552, 4088693568]
[4088693632, 4088693792]
[4088693808, 4088693824]
[4088693888, 4088694048]
[4088694064, 4088694080]
[4088694144, 4088694304]
[4088694320, 4088694336]
[4088694400, 4088694560]
[4088694576, 4088694592]
[4088694656, 4088694816]
[4088694832, 4088694848]
[4088694912, 4088695072]
[4088695088, 4088695104]
[4088695168, 4088695328]
[4088695344, 4088695360]
[4088695424, 4088695584]
[4088695600, 4088695616]
[4088695680, 4088695840]
[4088695856, 4088695872]
[4088695936, 4088696096]
[4088696112, 4088696128]
[4088696192, 4088696352]
[4088696368, 4088696384]
[4088696448, 4088696608]
[4088696624, 4088696640]
[4088696704, 4088696832]
[4088700928, 4088700960]
[4088700976, 4088700992]
[4088701056, 4088701216]
[4088701232, 4088701248]
[4088701312, 4088701472]
[4088701488, 4088701504]
[4088701568, 4088701728]
[4088701744, 4088701760]
[4088701824, 4088701984]
[4088702000, 4088702016]
[4088702080, 4088702240]
[4088702256, 4088702272]
[4088702336, 4088702496]
[4088702512, 4088702528]
[4088702592, 4088702752]
[4088702768, 4088702784]
[4088702848, 4088703008]
[4088703024, 4088703040]
[4088703104, 4088703264]
[4088703280, 4088703296]
[4088703360, 4088703520]
[4088703536, 4088703552]
[4088703616, 4088703776]
[4088703792, 4088703808]
[4088703872, 4088704032]
[4088704048, 4088704064]
[4088704128, 4088704288]
[4088704304, 4088704320]
[4088704384, 4088704544]
[4088704560, 4088704576]
[4088704640, 4088704800]
[4088704816, 4088704832]
[4088704896, 4088705024]
[4088725504, 4088758304]
[4088758320, 4088758336]
[4088758400, 4088758560]
[4088758576, 4088758592]
[4088758656, 4088758816]
[4088758832, 4088758848]
[4088758912, 4088759072]
[4088759088, 4088759104]
[4088759168, 4088759328]
[4088759344, 4088759360]
[4088759424, 4088759584]
[4088759600, 4088759616]
[4088759680, 4088759840]
[4088759856, 4088759872]
[4088759936, 4088760096]
[4088760112, 4088760128]
[4088760192, 4088760352]
[4088760368, 4088760384]
[4088760448, 4088760608]
[4088760624, 4088760640]
[4088760704, 4088760864]
[4088760880, 4088760896]
[4088760960, 4088761120]
[4088761136, 4088761152]
[4088761216, 4088761376]
[4088761392, 4088761408]
[4088761472, 4088761632]
[4088761648, 4088761664]
[4088761728, 4088761888]
[4088761904, 4088761920]
[4088761984, 4088762144]
[4088762160, 4088762176]
[4088762240, 4088762368]
[4088766464, 4088766496]
[4088766512, 4088766528]
[4088766592, 4088766752]
[4088766768, 4088766784]
[4088766848, 4088767008]
[4088767024, 4088767040]
[4088767104, 4088767264]
[4088767280, 4088767296]
[4088767360, 4088767520]
[4088767536, 4088767552]
[4088767616, 4088767776]
[4088767792, 4088767808]
[4088767872, 4088768032]
[4088768048, 4088768064]
[4088768128, 4088768288]
[4088768304, 4088768320]
[4088768384, 4088768544]
[4088768560, 4088768576]
[4088768640, 4088768800]
[4088768816, 4088768832]
[4088768896, 4088769056]
[4088769072, 4088769088]
[4088769152, 4088769312]
[4088769328, 4088769344]
[4088769408, 4088769568]
[4088769584, 4088769600]
[4088769664, 4088769824]
[4088769840, 4088769856]
[4088769920, 4088770080]
[4088770096, 4088770112]
[4088770176, 4088770336]
[4088770352, 4088770368]
[4088770432, 4088770560]
[4088791040, 4088823840]
[4088823856, 4088823872]
[4088823936, 4088824096]
[4088824112, 4088824128]
[4088824192, 4088824352]
[4088824368, 4088824384]
[4088824448, 4088824608]
[4088824624, 4088824640]
[4088824704, 4088824864]
[4088824880, 4088824896]
[4088824960, 4088825120]
[4088825136, 4088825152]
[4088825216, 4088825376]
[4088825392, 4088825408]
[4088825472, 4088825632]
[4088825648, 4088825664]
[4088825728, 4088825888]
[4088825904, 4088825920]
[4088825984, 4088826144]
[4088826160, 4088826176]
[4088826240, 4088826400]
[4088826416, 4088826432]
[4088826496, 4088826656]
[4088826672, 4088826688]
[4088826752, 4088826912]
[4088826928, 4088826944]
[4088827008, 4088827168]
[4088827184, 4088827200]
[4088827264, 4088827424]
[4088827440, 4088827456]
[4088827520, 4088827680]
[4088827696, 4088827712]
[4088827776, 4088827904]
[4088832000, 4088832032]
[4088832048, 4088832064]
[4088832128, 4088832288]
[4088832304, 4088832320]
[4088832384, 4088832544]
[4088832560, 4088832576]
[4088832640, 4088832800]
[4088832816, 4088832832]
[4088832896, 4088833056]
[4088833072, 4088833088]
[4088833152, 4088833312]
[4088833328, 4088833344]
[4088833408, 4088833568]
[4088833584, 4088833600]
[4088833664, 4088833824]
[4088833840, 4088833856]
[4088833920, 4088834080]
[4088834096, 4088834112]
[4088834176, 4088834336]
[4088834352, 4088834368]
[4088834432, 4088834592]
[4088834608, 4088834624]
[4088834688, 4088834848]
[4088834864, 4088834880]
[4088834944, 4088835104]
[4088835120, 4088835136]
[4088835200, 4088835360]
[4088835376, 4088835392]
[4088835456, 4088835616]
[4088835632, 4088835648]
[4088835712, 4088835872]
[4088835888, 4088835904]
[4088835968, 4088836096]
[4088856576, 4088889376]
[4088889392, 4088889408]
[4088889472, 4088889632]
[4088889648, 4088889664]
[4088889728, 4088889888]
[4088889904, 4088889920]
[4088889984, 4088890144]
[4088890160, 4088890176]
[4088890240, 4088890400]
[4088890416, 4088890432]
[4088890496, 4088890656]
[4088890672, 4088890688]
[4088890752, 4088890912]
[4088890928, 4088890944]
[4088891008, 4088891168]
[4088891184, 4088891200]
[4088891264, 4088891424]
[4088891440, 4088891456]
[4088891520, 4088891680]
[4088891696, 4088891712]
[4088891776, 4088891936]
[4088891952, 4088891968]
[4088892032, 4088892192]
[4088892208, 4088892224]
[4088892288, 4088892448]
[4088892464, 4088892480]
[4088892544, 4088892704]
[4088892720, 4088892736]
[4088892800, 4088892960]
[4088892976, 4088892992]
[4088893056, 4088893216]
[4088893232, 4088893248]
[4088893312, 4088893440]
[4088897536, 4088897568]
[4088897584, 4088897600]
[4088897664, 4088897824]
[4088897840, 4088897856]
[4088897920, 4088898080]
[4088898096, 4088898112]
[4088898176, 4088898336]
[4088898352, 4088898368]
[4088898432, 4088898592]
[4088898608, 4088898624]
[4088898688, 4088898848]
[4088898864, 4088898880]
[4088898944, 4088899104]
[4088899120, 4088899136]
[4088899200, 4088899360]
[4088899376, 4088899392]
[4088899456, 4088899616]
[4088899632, 4088899648]
[4088899712, 4088899872]
[4088899888, 4088899904]
[4088899968, 4088900128]
[4088900144, 4088900160]
[4088900224, 4088900384]
[4088900400, 4088900416]
[4088900480, 4088900640]
[4088900656, 4088900672]
[4088900736, 4088900896]
[4088900912, 4088900928]
[4088900992, 4088901152]
[4088901168, 4088901184]
[4088901248, 4088901408]
[4088901424, 4088901440]
[4088901504, 4088901632]
[4088922112, 4088954912]
[4088954928, 4088954944]
[4088955008, 4088955168]
[4088955184, 4088955200]
[4088955264, 4088955424]
[4088955440, 4088955456]
[4088955520, 4088955680]
[4088955696, 4088955712]
[4088955776, 4088955936]
[4088955952, 4088955968]
[4088956032, 4088956192]
[4088956208, 4088956224]
[4088956288, 4088956448]
[4088956464, 4088956480]
[4088956544, 4088956704]
[4088956720, 4088956736]
[4088956800, 4088956960]
[4088956976, 4088956992]
[4088957056, 4088957216]
[4088957232, 4088957248]
[4088957312, 4088957472]
[4088957488, 4088957504]
[4088957568, 4088957728]
[4088957744, 4088957760]
[4088957824, 4088957984]
[4088958000, 4088958016]
[4088958080, 4088958240]
[4088958256, 4088958272]
[4088958336, 4088958496]
[4088958512, 4088958528]
[4088958592, 4088958752]
[4088958768, 4088958784]
[4088958848, 4088958976]
[4088963072, 4088963104]
[4088963120, 4088963136]
[4088963200, 4088963360]
[4088963376, 4088963392]
[4088963456, 4088963616]
[4088963632, 4088963648]
[4088963712, 4088963872]
[4088963888, 4088963904]
[4088963968, 4088964128]
[4088964144, 4088964160]
[4088964224, 4088964384]
[4088964400, 4088964416]
[4088964480, 4088964640]
[4088964656, 4088964672]
[4088964736, 4088964896]
[4088964912, 4088964928]
[4088964992, 4088965152]
[4088965168, 4088965184]
[4088965248, 4088965408]
[4088965424, 4088965440]
[4088965504, 4088965664]
[4088965680, 4088965696]
[4088965760, 4088965920]
[4088965936, 4088965952]
[4088966016, 4088966176]
[4088966192, 4088966208]
[4088966272, 4088966432]
[4088966448, 4088966464]
[4088966528, 4088966688]
[4088966704, 4088966720]
[4088966784, 4088966944]
[4088966960, 4088966976]
[4088967040, 4088967168]
[4088987648, 4089020448]
[4089020464, 4089020480]
[4089020544, 4089020704]
[4089020720, 4089020736]
[4089020800, 4089020960]
[4089020976, 4089020992]
[4089021056, 4089021216]
[4089021232, 4089021248]
[4089021312, 4089021472]
[4089021488, 4089021504]
[4089021568, 4089021728]
[4089021744, 4089021760]
[4089021824, 4089021984]
[4089022000, 4089022016]
[4089022080, 4089022240]
[4089022256, 4089022272]
[4089022336, 4089022496]
[4089022512, 4089022528]
[4089022592, 4089022752]
[4089022768, 4089022784]
[4089022848, 4089023008]
[4089023024, 4089023040]
[4089023104, 4089023264]
[4089023280, 4089023296]
[4089023360, 4089023520]
[4089023536, 4089023552]
[4089023616, 4089023776]
[4089023792, 4089023808]
[4089023872, 4089024032]
[4089024048, 4089024064]
[4089024128, 4089024288]
[4089024304, 4089024320]
[4089024384, 4089024512]
[4089028608, 4089028640]
[4089028656, 4089028672]
[4089028736, 4089028896]
[4089028912, 4089028928]
[4089028992, 4089029152]
[4089029168, 4089029184]
[4089029248, 4089029408]
[4089029424, 4089029440]
[4089029504, 4089029664]
[4089029680, 4089029696]
[4089029760, 4089029920]
[4089029936, 4089029952]
[4089030016, 4089030176]
[4089030192, 4089030208]
[4089030272, 4089030432]
[4089030448, 4089030464]
[4089030528, 4089030688]
[4089030704, 4089030720]
[4089030784, 4089030944]
[4089030960, 4089030976]
[4089031040, 4089031200]
[4089031216, 4089031232]
[4089031296, 4089031456]
[4089031472, 4089031488]
[4089031552, 4089031712]
[4089031728, 4089031744]
[4089031808, 4089031968]
[4089031984, 4089032000]
[4089032064, 4089032224]
[4089032240, 4089032256]
[4089032320, 4089032480]
[4089032496, 4089032512]
[4089032576, 4089032704]
[4089053184, 4089085984]
[4089086000, 4089086016]
[4089086080, 4089086240]
[4089086256, 4089086272]
[4089086336, 4089086496]
[4089086512, 4089086528]
[4089086592, 4089086752]
[4089086768, 4089086784]
[4089086848, 4089087008]
[4089087024, 4089087040]
[4089087104, 4089087264]
[4089087280, 4089087296]
[4089087360, 4089087520]
[4089087536, 4089087552]
[4089087616, 4089087776]
[4089087792, 4089087808]
[4089087872, 4089088032]
[4089088048, 4089088064]
[4089088128, 4089088288]
[4089088304, 4089088320]
[4089088384, 4089088544]
[4089088560, 4089088576]
[4089088640, 4089088800]
[4089088816, 4089088832]
[4089088896, 4089089056]
[4089089072, 4089089088]
[4089089152, 4089089312]
[4089089328, 4089089344]
[4089089408, 4089089568]
[4089089584, 4089089600]
[4089089664, 4089089824]
[4089089840, 4089089856]
[4089089920, 4089090048]
[4089094144, 4089094176]
[4089094192, 4089094208]
[4089094272, 4089094432]
[4089094448, 4089094464]
[4089094528, 4089094688]
[4089094704, 4089094720]
[4089094784, 4089094944]
[4089094960, 4089094976]
[4089095040, 4089095200]
[4089095216, 4089095232]
[4089095296, 4089095456]
[4089095472, 4089095488]
[4089095552, 4089095712]
[4089095728, 4089095744]
[4089095808, 4089095968]
[4089095984, 4089096000]
[4089096064, 4089096224]
[4089096240, 4089096256]
[4089096320, 4089096480]
[4089096496, 4089096512]
[4089096576, 4089096736]
[4089096752, 4089096768]
[4089096832, 4089096992]
[4089097008, 4089097024]
[4089097088, 4089097248]
[4089097264, 4089097280]
[4089097344, 4089097504]
[4089097520, 4089097536]
[4089097600, 4089097760]
[4089097776, 4089097792]
[4089097856, 4089098016]
[4089098032, 4089098048]
[4089098112, 4089098240]
[4089118720, 4089151520]
[4089151536, 4089151552]
[4089151616, 4089151776]
[4089151792, 4089151808]
[4089151872, 4089152032]
[4089152048, 4089152064]
[4089152128, 4089152288]
[4089152304, 4089152320]
[4089152384, 4089152544]
[4089152560, 4089152576]
[4089152640, 4089152800]
[4089152816, 4089152832]
[4089152896, 4089153056]
[4089153072, 4089153088]
[4089153152, 4089153312]
[4089153328, 4089153344]
[4089153408, 4089153568]
[4089153584, 4089153600]
[4089153664, 4089153824]
[4089153840, 4089153856]
[4089153920, 4089154080]
[4089154096, 4089154112]
[4089154176, 4089154336]
[4089154352, 4089154368]
[4089154432, 4089154592]
[4089154608, 4089154624]
[4089154688, 4089154848]
[4089154864, 4089154880]
[4089154944, 4089155104]
[4089155120, 4089155136]
[4089155200, 4089155360]
[4089155376, 4089155392]
[4089155456, 4089155584]
[4089159680, 4089159712]
[4089159728, 4089159744]
[4089159808, 4089159968]
[4089159984, 4089160000]
[4089160064, 4089160224]
[4089160240, 4089160256]
[4089160320, 4089160480]
[4089160496, 4089160512]
[4089160576, 4089160736]
[4089160752, 4089160768]
[4089160832, 4089160992]
[4089161008, 4089161024]
[4089161088, 4089161248]
[4089161264, 4089161280]
[4089161344, 4089161504]
[4089161520, 4089161536]
[4089161600, 4089161760]
[4089161776, 4089161792]
[4089161856, 4089162016]
[4089162032, 4089162048]
[4089162112, 4089162272]
[4089162288, 4089162304]
[4089162368, 4089162528]
[4089162544, 4089162560]
[4089162624, 4089162784]
[4089162800, 4089162816]
[4089162880, 4089163040]
[4089163056, 4089163072]
[4089163136, 4089163296]
[4089163312, 4089163328]
[4089163392, 4089163552]
[4089163568, 4089163584]
[4089163648, 4089163776]
[4089184256, 4089217056]
[4089217072, 4089217088]
[4089217152, 4089217312]
[4089217328, 4089217344]
[4089217408, 4089217568]
[4089217584, 4089217600]
[4089217664, 4089217824]
[4089217840, 4089217856]
[4089217920, 4089218080]
[4089218096, 4089218112]
[4089218176, 4089218336]
[4089218352, 4089218368]
[4089218432, 4089218592]
[4089218608, 4089218624]
[4089218688, 4089218848]
[4089218864, 4089218880]
[4089218944, 4089219104]
[4089219120, 4089219136]
[4089219200, 4089219360]
[4089219376, 4089219392]
[4089219456, 4089219616]
[4089219632, 4089219648]
[4089219712, 4089219872]
[4089219888, 4089219904]
[4089219968, 4089220128]
[4089220144, 4089220160]
[4089220224, 4089220384]
[4089220400, 4089220416]
[4089220480, 4089220640]
[4089220656, 4089220672]
[4089220736, 4089220896]
[4089220912, 4089220928]
[4089220992, 4089221120]
[4089225216, 4089225248]
[4089225264, 4089225280]
[4089225344, 4089225504]
[4089225520, 4089225536]
[4089225600, 4089225760]
[4089225776, 4089225792]
[4089225856, 4089226016]
[4089226032, 4089226048]
[4089226112, 4089226272]
[4089226288, 4089226304]
[4089226368, 4089226528]
[4089226544, 4089226560]
[4089226624, 4089226784]
[4089226800, 4089226816]
[4089226880, 4089227040]
[4089227056, 4089227072]
[4089227136, 4089227296]
[4089227312, 4089227328]
[4089227392, 4089227552]
[4089227568, 4089227584]
[4089227648, 4089227808]
[4089227824, 4089227840]
[4089227904, 4089228064]
[4089228080, 4089228096]
[4089228160, 4089228320]
[4089228336, 4089228352]
[4089228416, 4089228576]
[4089228592, 4089228608]
[4089228672, 4089228832]
[4089228848, 4089228864]
[4089228928, 4089229088]
[4089229104, 4089229120]
[4089229184, 4089229312]
[4089249792, 4089282592]
[4089282608, 4089282624]
[4089282688, 4089282848]
[4089282864, 4089282880]
[4089282944, 4089283104]
[4089283120, 4089283136]
[4089283200, 4089283360]
[4089283376, 4089283392]
[4089283456, 4089283616]
[4089283632, 4089283648]
[4089283712, 4089283872]
[4089283888, 4089283904]
[4089283968, 4089284128]
[4089284144, 4089284160]
[4089284224, 4089284384]
[4089284400, 4089284416]
[4089284480, 4089284640]
[4089284656, 4089284672]
[4089284736, 4089284896]
[4089284912, 4089284928]
[4089284992, 4089285152]
[4089285168, 4089285184]
[4089285248, 4089285408]
[4089285424, 4089285440]
[4089285504, 4089285664]
[4089285680, 4089285696]
[4089285760, 4089285920]
[4089285936, 4089285952]
[4089286016, 4089286176]
[4089286192, 4089286208]
[4089286272, 4089286432]
[4089286448, 4089286464]
[4089286528, 4089286656]
[4089290752, 4089290784]
[4089290800, 4089290816]
[4089290880, 4089291040]
[4089291056, 4089291072]
[4089291136, 4089291296]
[4089291312, 4089291328]
[4089291392, 4089291552]
[4089291568, 4089291584]
[4089291648, 4089291808]
[4089291824, 4089291840]
[4089291904, 4089292064]
[4089292080, 4089292096]
[4089292160, 4089292320]
[4089292336, 4089292352]
[4089292416, 4089292576]
[4089292592, 4089292608]
[4089292672, 4089292832]
[4089292848, 4089292864]
[4089292928, 4089293088]
[4089293104, 4089293120]
[4089293184, 4089293344]
[4089293360, 4089293376]
[4089293440, 4089293600]
[4089293616, 4089293632]
[4089293696, 4089293856]
[4089293872, 4089293888]
[4089293952, 4089294112]
[4089294128, 4089294144]
[4089294208, 4089294368]
[4089294384, 4089294400]
[4089294464, 4089294624]
[4089294640, 4089294656]
[4089294720, 4089294848]
[4089315328, 4089348128]
[4089348144, 4089348160]
[4089348224, 4089348384]
[4089348400, 4089348416]
[4089348480, 4089348640]
[4089348656, 4089348672]
[4089348736, 4089348896]
[4089348912, 4089348928]
[4089348992, 4089349152]
[4089349168, 4089349184]
[4089349248, 4089349408]
[4089349424, 4089349440]
[4089349504, 4089349664]
[4089349680, 4089349696]
[4089349760, 4089349920]
[4089349936, 4089349952]
[4089350016, 4089350176]
[4089350192, 4089350208]
[4089350272, 4089350432]
[4089350448, 4089350464]
[4089350528, 4089350688]
[4089350704, 4089350720]
[4089350784, 4089350944]
[4089350960, 4089350976]
[4089351040, 4089351200]
[4089351216, 4089351232]
[4089351296, 4089351456]
[4089351472, 4089351488]
[4089351552, 4089351712]
[4089351728, 4089351744]
[4089351808, 4089351968]
[4089351984, 4089352000]
[4089352064, 4089352192]
[4089356288, 4089356320]
[4089356336, 4089356352]
[4089356416, 4089356576]
[4089356592, 4089356608]
[4089356672, 4089356832]
[4089356848, 4089356864]
[4089356928, 4089357088]
[4089357104, 4089357120]
[4089357184, 4089357344]
[4089357360, 4089357376]
[4089357440, 4089357600]
[4089357616, 4089357632]
[4089357696, 4089357856]
[4089357872, 4089357888]
[4089357952, 4089358112]
[4089358128, 4089358144]
[4089358208, 4089358368]
[4089358384, 4089358400]
[4089358464, 4089358624]
[4089358640, 4089358656]
[4089358720, 4089358880]
[4089358896, 4089358912]
[4089358976, 4089359136]
[4089359152, 4089359168]
[4089359232, 4089359392]
[4089359408, 4089359424]
[4089359488, 4089359648]
[4089359664, 4089359680]
[4089359744, 4089359904]
[4089359920, 4089359936]
[4089360000, 4089360160]
[4089360176, 4089360192]
[4089360256, 4089360384]
[4089380864, 4089413664]
[4089413680, 4089413696]
[4089413760, 4089413920]
[4089413936, 4089413952]
[4089414016, 4089414176]
[4089414192, 4089414208]
[4089414272, 4089414432]
[4089414448, 4089414464]
[4089414528, 4089414688]
[4089414704, 4089414720]
[4089414784, 4089414944]
[4089414960, 4089414976]
[4089415040, 4089415200]
[4089415216, 4089415232]
[4089415296, 4089415456]
[4089415472, 4089415488]
[4089415552, 4089415712]
[4089415728, 4089415744]
[4089415808, 4089415968]
[4089415984, 4089416000]
[4089416064, 4089416224]
[4089416240, 4089416256]
[4089416320, 4089416480]
[4089416496, 4089416512]
[4089416576, 4089416736]
[4089416752, 4089416768]
[4089416832, 4089416992]
[4089417008, 4089417024]
[4089417088, 4089417248]
[4089417264, 4089417280]
[4089417344, 4089417504]
[4089417520, 4089417536]
[4089417600, 4089417728]
[4089421824, 4089421856]
[4089421872, 4089421888]
[4089421952, 4089422112]
[4089422128, 4089422144]
[4089422208, 4089422368]
[4089422384, 4089422400]
[4089422464, 4089422624]
[4089422640, 4089422656]
[4089422720, 4089422880]
[4089422896, 4089422912]
[4089422976, 4089423136]
[4089423152, 4089423168]
[4089423232, 4089423392]
[4089423408, 4089423424]
[4089423488, 4089423648]
[4089423664, 4089423680]
[4089423744, 4089423904]
[4089423920, 4089423936]
[4089424000, 4089424160]
[4089424176, 4089424192]
[4089424256, 4089424416]
[4089424432, 4089424448]
[4089424512, 4089424672]
[4089424688, 4089424704]
[4089424768, 4089424928]
[4089424944, 4089424960]
[4089425024, 4089425184]
[4089425200, 4089425216]
[4089425280, 4089425440]
[4089425456, 4089425472]
[4089425536, 4089425696]
[4089425712, 4089425728]
[4089425792, 4089425920]
[4090494976, 4090527745]
[4090528000, 4090528001]
[4090528256, 4090528257]
[4090528512, 4090528513]
[4090528768, 4090528769]
[4090529024, 4090529025]
[4090529280, 4090529281]
[4090529536, 4090529537]
[4090529792, 4090529793]
[4090530048, 4090530049]
[4090530304, 4090530305]
[4090530560, 4090530561]
[4090530816, 4090530817]
[4090531072, 4090531073]
[4090531328, 4090531329]
[4090531584, 4090531585]
[4090535936, 4090535937]
[4090536192, 4090536193]
[4090536448, 4090536449]
[4090536704, 4090536705]
[4090536960, 4090536961]
[4090537216, 4090537217]
[4090537472, 4090537473]
[4090537728, 4090537729]
[4090537984, 4090537985]
[4090538240, 4090538241]
[4090538496, 4090538497]
[4090538752, 4090538753]
[4090539008, 4090539009]
[4090539264, 4090539265]
[4090539520, 4090539521]
[4090539776, 4090539777]
[4090560512, 4090593281]
[4090593536, 4090593537]
[4090593792, 4090593793]
[4090594048, 4090594049]
[4090594304, 4090594305]
[4090594560, 4090594561]
[4090594816, 4090594817]
[4090595072, 4090595073]
[4090595328, 4090595329]
[4090595584, 4090595585]
[4090595840, 4090595841]
[4090596096, 4090596097]
[4090596352, 4090596353]
[4090596608, 4090596609]
[4090596864, 4090596865]
[4090597120, 4090597121]
[4090601472, 4090601473]
[4090601728, 4090601729]
[4090601984, 4090601985]
[4090602240, 4090602241]
[4090602496, 4090602497]
[4090602752, 4090602753]
[4090603008, 4090603009]
[4090603264, 4090603265]
[4090603520, 4090603521]
[4090603776, 4090603777]
[4090604032, 4090604033]
[4090604288, 4090604289]
[4090604544, 4090604545]
[4090604800, 4090604801]
[4090605056, 4090605057]
[4090605312, 4090605313]
[4090626048, 4090658817]
[4090659072, 4090659073]
[4090659328, 4090659329]
[4090659584, 4090659585]
[4090659840, 4090659841]
[4090660096, 4090660097]
[4090660352, 4090660353]
[4090660608, 4090660609]
[4090660864, 4090660865]
[4090661120, 4090661121]
[4090661376, 4090661377]
[4090661632, 4090661633]
[4090661888, 4090661889]
[4090662144, 4090662145]
[4090662400, 4090662401]
[4090662656, 4090662657]
[4090667008, 4090667009]
[4090667264, 4090667265]
[4090667520, 4090667521]
[4090667776, 4090667777]
[4090668032, 4090668033]
[4090668288, 4090668289]
[4090668544, 4090668545]
[4090668800, 4090668801]
[4090669056, 4090669057]
[4090669312, 4090669313]
[4090669568, 4090669569]
[4090669824, 4090669825]
[4090670080, 4090670081]
[4090670336, 4090670337]
[4090670592, 4090670593]
[4090670848, 4090670849]
[4090691584, 4090724353]
[4090724608, 4090724609]
[4090724864, 4090724865]
[4090725120, 4090725121]
[4090725376, 4090725377]
[4090725632, 4090725633]
[4090725888, 4090725889]
[4090726144, 4090726145]
[4090726400, 4090726401]
[4090726656, 4090726657]
[4090726912, 4090726913]
[4090727168, 4090727169]
[4090727424, 4090727425]
[4090727680, 4090727681]
[4090727936, 4090727937]
[4090728192, 4090728193]
[4090732544, 4090732545]
[4090732800, 4090732801]
[4090733056, 4090733057]
[4090733312, 4090733313]
[4090733568, 4090733569]
[4090733824, 4090733825]
[4090734080, 4090734081]
[4090734336, 4090734337]
[4090734592, 4090734593]
[4090734848, 4090734849]
[4090735104, 4090735105]
[4090735360, 4090735361]
[4090735616, 4090735617]
[4090735872, 4090735873]
[4090736128, 4090736129]
[4090736384, 4090736385]
[4090757120, 4090789889]
[4090790144, 4090790145]
[4090790400, 4090790401]
[4090790656, 4090790657]
[4090790912, 4090790913]
[4090791168, 4090791169]
[4090791424, 4090791425]
[4090791680, 4090791681]
[4090791936, 4090791937]
[4090792192, 4090792193]
[4090792448, 4090792449]
[4090792704, 4090792705]
[4090792960, 4090792961]
[4090793216, 4090793217]
[4090793472, 4090793473]
[4090793728, 4090793729]
[4090798080, 4090798081]
[4090798336, 4090798337]
[4090798592, 4090798593]
[4090798848, 4090798849]
[4090799104, 4090799105]
[4090799360, 4090799361]
[4090799616, 4090799617]
[4090799872, 4090799873]
[4090800128, 4090800129]
[4090800384, 4090800385]
[4090800640, 4090800641]
[4090800896, 4090800897]
[4090801152, 4090801153]
[4090801408, 4090801409]
[4090801664, 4090801665]
[4090801920, 4090801921]
[4090822656, 4090855425]
[4090855680, 4090855681]
[4090855936, 4090855937]
[4090856192, 4090856193]
[4090856448, 4090856449]
[4090856704, 4090856705]
[4090856960, 4090856961]
[4090857216, 4090857217]
[4090857472, 4090857473]
[4090857728, 4090857729]
[4090857984, 4090857985]
[4090858240, 4090858241]
[4090858496, 4090858497]
[4090858752, 4090858753]
[4090859008, 4090859009]
[4090859264, 4090859265]
[4090863616, 4090863617]
[4090863872, 4090863873]
[4090864128, 4090864129]
[4090864384, 4090864385]
[4090864640, 4090864641]
[4090864896, 4090864897]
[4090865152, 4090865153]
[4090865408, 4090865409]
[4090865664, 4090865665]
[4090865920, 4090865921]
[4090866176, 4090866177]
[4090866432, 4090866433]
[4090866688, 4090866689]
[4090866944, 4090866945]
[4090867200, 4090867201]
[4090867456, 4090867457]
[4090888192, 4090920961]
[4090921216, 4090921217]
[4090921472, 4090921473]
[4090921728, 4090921729]
[4090921984, 4090921985]
[4090922240, 4090922241]
[4090922496, 4090922497]
[4090922752, 4090922753]
[4090923008, 4090923009]
[4090923264, 4090923265]
[4090923520, 4090923521]
[4090923776, 4090923777]
[4090924032, 4090924033]
[4090924288, 4090924289]
[4090924544, 4090924545]
[4090924800, 4090924801]
[4090929152, 4090929153]
[4090929408, 4090929409]
[4090929664, 4090929665]
[4090929920, 4090929921]
[4090930176, 4090930177]
[4090930432, 4090930433]
[4090930688, 4090930689]
[4090930944, 4090930945]
[4090931200, 4090931201]
[4090931456, 4090931457]
[4090931712, 4090931713]
[4090931968, 4090931969]
[4090932224, 4090932225]
[4090932480, 4090932481]
[4090932736, 4090932737]
[4090932992, 4090932993]
[4090953728, 4090986497]
[4090986752, 4090986753]
[4090987008, 4090987009]
[4090987264, 4090987265]
[4090987520, 4090987521]
[4090987776, 4090987777]
[4090988032, 4090988033]
[4090988288, 4090988289]
[4090988544, 4090988545]
[4090988800, 4090988801]
[4090989056, 4090989057]
[4090989312, 4090989313]
[4090989568, 4090989569]
[4090989824, 4090989825]
[4090990080, 4090990081]
[4090990336, 4090990337]
[4090994688, 4090994689]
[4090994944, 4090994945]
[4090995200, 4090995201]
[4090995456, 4090995457]
[4090995712, 4090995713]
[4090995968, 4090995969]
[4090996224, 4090996225]
[4090996480, 4090996481]
[4090996736, 4090996737]
[4090996992, 4090996993]
[4090997248, 4090997249]
[4090997504, 4090997505]
[4090997760, 4090997761]
[4090998016, 4090998017]
[4090998272, 4090998273]
[4090998528, 4090998529]
[4091019264, 4091052033]
[4091052288, 4091052289]
[4091052544, 4091052545]
[4091052800, 4091052801]
[4091053056, 4091053057]
[4091053312, 4091053313]
[4091053568, 4091053569]
[4091053824, 4091053825]
[4091054080, 4091054081]
[4091054336, 4091054337]
[4091054592, 4091054593]
[4091054848, 4091054849]
[4091055104, 4091055105]
[4091055360, 4091055361]
[4091055616, 4091055617]
[4091055872, 4091055873]
[4091060224, 4091060225]
[4091060480, 4091060481]
[4091060736, 4091060737]
[4091060992, 4091060993]
[4091061248, 4091061249]
[4091061504, 4091061505]
[4091061760, 4091061761]
[4091062016, 4091062017]
[4091062272, 4091062273]
[4091062528, 4091062529]
[4091062784, 4091062785]
[4091063040, 4091063041]
[4091063296, 4091063297]
[4091063552, 4091063553]
[4091063808, 4091063809]
[4091064064, 4091064065]
[4091084800, 4091117569]
[4091117824, 4091117825]
[4091118080, 4091118081]
[4091118336, 4091118337]
[4091118592, 4091118593]
[4091118848, 4091118849]
[4091119104, 4091119105]
[4091119360, 4091119361]
[4091119616, 4091119617]
[4091119872, 4091119873]
[4091120128, 4091120129]
[4091120384, 4091120385]
[4091120640, 4091120641]
[4091120896, 4091120897]
[4091121152, 4091121153]
[4091121408, 4091121409]
[4091125760, 4091125761]
[4091126016, 4091126017]
[4091126272, 4091126273]
[4091126528, 4091126529]
[4091126784, 4091126785]
[4091127040, 4091127041]
[4091127296, 4091127297]
[4091127552, 4091127553]
[4091127808, 4091127809]
[4091128064, 4091128065]
[4091128320, 4091128321]
[4091128576, 4091128577]
[4091128832, 4091128833]
[4091129088, 4091129089]
[4091129344, 4091129345]
[4091129600, 4091129601]
[4091150336, 4091183105]
[4091183360, 4091183361]
[4091183616, 4091183617]
[4091183872, 4091183873]
[4091184128, 4091184129]
[4091184384, 4091184385]
[4091184640, 4091184641]
[4091184896, 4091184897]
[4091185152, 4091185153]
[4091185408, 4091185409]
[4091185664, 4091185665]
[4091185920, 4091185921]
[4091186176, 4091186177]
[4091186432, 4091186433]
[4091186688, 4091186689]
[4091186944, 4091186945]
[4091191296, 4091191297]
[4091191552, 4091191553]
[4091191808, 4091191809]
[4091192064, 4091192065]
[4091192320, 4091192321]
[4091192576, 4091192577]
[4091192832, 4091192833]
[4091193088, 4091193089]
[4091193344, 4091193345]
[4091193600, 4091193601]
[4091193856, 4091193857]
[4091194112, 4091194113]
[4091194368, 4091194369]
[4091194624, 4091194625]
[4091194880, 4091194881]
[4091195136, 4091195137]
[4091215872, 4091248641]
[4091248896, 4091248897]
[4091249152, 4091249153]
[4091249408, 4091249409]
[4091249664, 4091249665]
[4091249920, 4091249921]
[4091250176, 4091250177]
[4091250432, 4091250433]
[4091250688, 4091250689]
[4091250944, 4091250945]
[4091251200, 4091251201]
[4091251456, 4091251457]
[4091251712, 4091251713]
[4091251968, 4091251969]
[4091252224, 4091252225]
[4091252480, 4091252481]
[4091256832, 4091256833]
[4091257088, 4091257089]
[4091257344, 4091257345]
[4091257600, 4091257601]
[4091257856, 4091257857]
[4091258112, 4091258113]
[4091258368, 4091258369]
[4091258624, 4091258625]
[4091258880, 4091258881]
[4091259136, 4091259137]
[4091259392, 4091259393]
[4091259648, 4091259649]
[4091259904, 4091259905]
[4091260160, 4091260161]
[4091260416, 4091260417]
[4091260672, 4091260673]
[4091281408, 4091314177]
[4091314432, 4091314433]
[4091314688, 4091314689]
[4091314944, 4091314945]
[4091315200, 4091315201]
[4091315456, 4091315457]
[4091315712, 4091315713]
[4091315968, 4091315969]
[4091316224, 4091316225]
[4091316480, 4091316481]
[4091316736, 4091316737]
[4091316992, 4091316993]
[4091317248, 4091317249]
[4091317504, 4091317505]
[4091317760, 4091317761]
[4091318016, 4091318017]
[4091322368, 4091322369]
[4091322624, 4091322625]
[4091322880, 4091322881]
[4091323136, 4091323137]
[4091323392, 4091323393]
[4091323648, 4091323649]
[4091323904, 4091323905]
[4091324160, 4091324161]
[4091324416, 4091324417]
[4091324672, 4091324673]
[4091324928, 4091324929]
[4091325184, 4091325185]
[4091325440, 4091325441]
[4091325696, 4091325697]
[4091325952, 4091325953]
[4091326208, 4091326209]
[4091346944, 4091379713]
[4091379968, 4091379969]
[4091380224, 4091380225]
[4091380480, 4091380481]
[4091380736, 4091380737]
[4091380992, 4091380993]
[4091381248, 4091381249]
[4091381504, 4091381505]
[4091381760, 4091381761]
[4091382016, 4091382017]
[4091382272, 4091382273]
[4091382528, 4091382529]
[4091382784, 4091382785]
[4091383040, 4091383041]
[4091383296, 4091383297]
[4091383552, 4091383553]
[4091387904, 4091387905]
[4091388160, 4091388161]
[4091388416, 4091388417]
[4091388672, 4091388673]
[4091388928, 4091388929]
[4091389184, 4091389185]
[4091389440, 4091389441]
[4091389696, 4091389697]
[4091389952, 4091389953]
[4091390208, 4091390209]
[4091390464, 4091390465]
[4091390720, 4091390721]
[4091390976, 4091390977]
[4091391232, 4091391233]
[4091391488, 4091391489]
[4091391744, 4091391745]
[4091412480, 4091445248]
[4091445249, 4091445504]
[4091445505, 4091445760]
[4091445761, 4091446016]
[4091446017, 4091446272]
[4091446273, 4091446528]
[4091446529, 4091446784]
[4091446785, 4091447040]
[4091447041, 4091447296]
[4091447297, 4091447552]
[4091447553, 4091447808]
[4091447809, 4091448064]
[4091448065, 4091448320]
[4091448321, 4091448576]
[4091448577, 4091448832]
[4091448833, 4091449088]
[4091449089, 4091449344]
[4091453441, 4091453696]
[4091453697, 4091453952]
[4091453953, 4091454208]
[4091454209, 4091454464]
[4091454465, 4091454720]
[4091454721, 4091454976]
[4091454977, 4091455232]
[4091455233, 4091455488]
[4091455489, 4091455744]
[4091455745, 4091456000]
[4091456001, 4091456256]
[4091456257, 4091456512]
[4091456513, 4091456768]
[4091456769, 4091457024]
[4091457025, 4091457280]
[4091457281, 4091457536]
[4091478016, 4091510785]
[4091511040, 4091511041]
[4091511296, 4091511297]
[4091511552, 4091511553]
[4091511808, 4091511809]
[4091512064, 4091512065]
[4091512320, 4091512321]
[4091512576, 4091512577]
[4091512832, 4091512833]
[4091513088, 4091513089]
[4091513344, 4091513345]
[4091513600, 4091513601]
[4091513856, 4091513857]
[4091514112, 4091514113]
[4091514368, 4091514369]
[4091514624, 4091514625]
[4091518976, 4091518977]
[4091519232, 4091519233]
[4091519488, 4091519489]
[4091519744, 4091519745]
[4091520000, 4091520001]
[4091520256, 4091520257]
[4091520512, 4091520513]
[4091520768, 4091520769]
[4091521024, 4091521025]
[4091521280, 4091521281]
[4091521536, 4091521537]
[4091521792, 4091521793]
[4091522048, 4091522049]
[4091522304, 4091522305]
[4091522560, 4091522561]
[4091522816, 4091522817]
[4091543552, 4091576320]
[4091609088, 4091641856]
[4091674624, 4091707392]
[4091740160, 4091772928]
[4091805696, 4091838464]
[4091871232, 4091904000]
[4091936768, 4091969536]
[4092002304, 4092035072]
[4092067840, 4092100608]
[4092133376, 4092166144]
[4092198912, 4092231680]
[4092264448, 4092297216]
[4092329984, 4092362752]
[4092395520, 4092428288]
[4092461056, 4092493824]
[4092526592, 4092559360]
[4092592128, 4092624896]
[4092657664, 4092690432]
[4092723200, 4092755968]
[4092788736, 4092821504]
[4092854272, 4092887040]
[4092919808, 4092952576]
[4092985344, 4093018112]
[4093050880, 4093083648]
[4093116416, 4093149184]
[4093181952, 4093214720]
[4093247488, 4093280256]
[4093313024, 4093345792]
[4093378560, 4093411328]
[4093444096, 4093476864]
[4093509632, 4093542400]
[4093575168, 4093607936]
