[4037017600, 4037050368]
[4037083136, 4037115904]
[4037148672, 4037181440]
[4037214208, 4037246976]
[4037279744, 4037312512]
[4037345280, 4037378048]
[4037410816, 4037443584]
[4037476352, 4037509120]
[4037541888, 4037574656]
[4037607424, 4037640192]
[4037672960, 4037705728]
[4037738496, 4037771264]
[4037804032, 4037836800]
[4037869568, 4037902336]
[4037935104, 4037967872]
[4038000640, 4038033408]
[4038066176, 4038098944]
[4038131712, 4038164480]
[4038197248, 4038230016]
[4038262784, 4038295552]
[4038328320, 4038361088]
[4038393856, 4038426624]
[4038459392, 4038492160]
[4038524928, 4038557696]
[4038590464, 4038623232]
[4038656000, 4038688768]
[4038721536, 4038754304]
[4038787072, 4038819840]
[4038852608, 4038885376]
[4038918144, 4038950912]
[4038983680, 4039016448]
[4039049216, 4039081984]
[4039114752, 4039147520]
[4039180288, 4039213056]
[4039245824, 4039278592]
[4039311360, 4039344128]
[4039376896, 4039409664]
[4039442432, 4039475200]
[4039507968, 4039540736]
[4039573504, 4039606272]
[4039639040, 4039671808]
[4039704576, 4039737344]
[4039770112, 4039802880]
[4039835648, 4039868416]
[4039901184, 4039933952]
[4039966720, 4039999488]
[4040032256, 4040065024]
[4040097792, 4040130560]
[4040163328, 4040196096]
[4040228864, 4040261632]
[4040294400, 4040327168]
[4040359936, 4040392704]
[4040425472, 4040458240]
[4040491008, 4040523776]
[4040556544, 4040589312]
[4040622080, 4040654848]
[4040687616, 4040720384]
[4040753152, 4040785920]
[4040818688, 4040851456]
[4040884224, 4040916992]
[4040949760, 4040982528]
[4041015296, 4041048064]
[4041080832, 4041113600]
[4041146368, 4041179136]
[4041211904, 4041244672]
[4041277440, 4041310208]
[4041342976, 4041375744]
[4041408512, 4041441280]
[4041474048, 4041506816]
[4041539584, 4041572352]
[4041605120, 4041637888]
[4041670656, 4041703424]
[4041736192, 4041768960]
[4041801728, 4041834496]
[4041867264, 4041900032]
[4041932800, 4041965568]
[4041998336, 4042031104]
[4042063872, 4042096640]
[4042129408, 4042162176]
[4042194944, 4042227712]
[4042260480, 4042293248]
[4042326016, 4042358784]
[4042391552, 4042424320]
[4042457088, 4042489856]
[4042522624, 4042555392]
[4042588160, 4042620928]
[4042653696, 4042686464]
[4042719232, 4042752000]
[4042784768, 4042817536]
[4042850304, 4042883072]
[4042915840, 4042948608]
[4042981376, 4043014144]
[4043046912, 4043079680]
[4043112448, 4043145216]
[4043177984, 4043210752]
[4043243520, 4043276288]
