[4112515072, 4112547840]
[4112580608, 4112613376]
[4112646144, 4112678912]
[4112711680, 4112744448]
[4112777216, 4112809984]
[4112842752, 4112875520]
[4112908288, 4112941056]
[4112973824, 4113006592]
[4113039360, 4113072128]
[4113104896, 4113137664]
[4113170432, 4113203200]
[4113235968, 4113268736]
[4113301504, 4113334272]
[4113367040, 4113399808]
[4113432576, 4113465344]
[4113498112, 4113530880]
[4113563648, 4113596416]
[4113629184, 4113661952]
[4113694720, 4113727488]
[4113760256, 4113793024]
[4113825792, 4113858560]
[4113891328, 4113924096]
[4113956864, 4113989632]
[4114022400, 4114055168]
[4114087936, 4114120704]
[4114153472, 4114186240]
[4114219008, 4114251776]
[4114284544, 4114317312]
[4114350080, 4114382848]
[4114415616, 4114448384]
[4114481152, 4114513920]
[4114546688, 4114579456]
[4118806528, 4118839296]
[4118872064, 4118904832]
[4118937600, 4118970368]
[4119003136, 4119035904]
[4119068672, 4119101440]
[4119134208, 4119166976]
[4119199744, 4119232512]
[4119265280, 4119298048]
[4119330816, 4119363584]
[4119396352, 4119429120]
[4119461888, 4119494656]
[4119527424, 4119560192]
[4119592960, 4119625728]
[4119658496, 4119691264]
[4119724032, 4119756800]
[4119789568, 4119822336]
[4119855104, 4119887872]
[4119920640, 4119953408]
[4119986176, 4120018944]
[4120051712, 4120084480]
[4120117248, 4120150016]
[4120182784, 4120215552]
[4120248320, 4120281088]
[4120313856, 4120346624]
[4120379392, 4120412160]
[4120444928, 4120477696]
[4120510464, 4120543232]
[4120576000, 4120608768]
[4120641536, 4120674304]
[4120707072, 4120739840]
[4120772608, 4120805376]
[4120838144, 4120870912]
[4125097984, 4125130752]
[4125163520, 4125196288]
[4125229056, 4125261824]
[4125294592, 4125327360]
[4125360128, 4125392896]
[4125425664, 4125458432]
[4125491200, 4125523968]
[4125556736, 4125589504]
[4125622272, 4125655040]
[4125687808, 4125720576]
[4125753344, 4125786112]
[4125818880, 4125851648]
[4125884416, 4125917184]
[4125949952, 4125982720]
[4126015488, 4126048256]
[4126081024, 4126113792]
[4126146560, 4126179328]
[4126212096, 4126244864]
[4126277632, 4126310400]
[4126343168, 4126375936]
[4126408704, 4126441472]
[4126474240, 4126507008]
[4126539776, 4126572544]
[4126605312, 4126638080]
[4126670848, 4126703616]
[4126736384, 4126769152]
[4126801920, 4126834688]
[4126867456, 4126900224]
[4126932992, 4126965760]
[4126998528, 4127031296]
[4127064064, 4127096832]
[4127129600, 4127162368]
